ORIGIN 501.0000 0.2050 800.0000 N 854
B faded 0.6012 2.4860 1.3549 0.5947 2.4860 1.3307 0.6012 2.5240 1.3549 0.5947 2.5240 1.3307 0.1568 2.4860 1.4739 0.1504 2.4860 1.4498 0.1568 2.5240 1.4739 0.1504 2.5240 1.4498
B faded 0.6543 2.3460 1.3408 0.6478 2.3460 1.3166 0.6543 2.3840 1.3408 0.6478 2.3840 1.3166 0.1037 2.3460 1.4882 0.0973 2.3460 1.4641 0.1037 2.3840 1.4882 0.0973 2.3840 1.4641
B faded 0.5287 2.2060 1.3744 0.5222 2.2060 1.3502 0.5287 2.2440 1.3744 0.5222 2.2440 1.3502 0.2293 2.2060 1.4546 0.2228 2.2060 1.4304 0.2293 2.2440 1.4546 0.2228 2.2440 1.4304
B plate 1.3861 4.5221 -1.3862 1.3862 4.5179 1.3860 -1.3861 4.5221 -1.3860 -1.3860 4.5179 1.3861 1.3861 4.5621 -1.3861 1.3862 4.5579 1.3860 -1.3861 4.5621 -1.3860 -1.3860 4.5579 1.3862
W plate 0.3900 4.5910 0.2900 0.5399 4.5910 0.2034 0.4900 4.5910 0.1168
W plate 0.6900 4.5910 0.1168 0.5399 4.5910 0.2034 0.4900 4.5910 0.1168
W plate 0.4900 4.5910 0.4633 0.5400 4.5910 0.3766 0.3900 4.5910 0.2900
W plate 0.6899 4.5910 0.1168 0.5399 4.5910 0.3766 0.3900 4.5910 0.2900
W plate 0.6900 4.5910 0.1168 0.5400 4.5910 0.3765 0.6900 4.5910 0.4631
W plate 0.4899 4.5910 0.4631 0.5399 4.5910 0.3765 0.6899 4.5910 0.4631
W plate 0.6900 4.5910 0.1168 0.6900 4.5910 0.2899 0.7899 4.5910 0.2899
W plate 0.6900 4.5910 0.4632 0.6900 4.5910 0.2900 0.7899 4.5910 0.2900
W plate 0.4900 4.6950 0.4633 0.6400 4.6950 0.3766 0.6900 4.6950 0.4633
W plate 0.7899 4.6950 0.2900 0.6400 4.6950 0.3766 0.6900 4.6950 0.4632
W plate 0.3900 4.6950 0.2900 0.4900 4.6950 0.2900 0.4900 4.6950 0.4632
W plate 0.7900 4.6950 0.2900 0.4900 4.6950 0.2900 0.4900 4.6950 0.4632
W plate 0.7900 4.6950 0.2899 0.4900 4.6950 0.2899 0.4900 4.6950 0.1168
W plate 0.3900 4.6950 0.2899 0.4900 4.6950 0.2899 0.4900 4.6950 0.1168
W plate 0.7900 4.6950 0.2900 0.6400 4.6950 0.2034 0.6900 4.6950 0.1168
W plate 0.4900 4.6950 0.1168 0.6400 4.6950 0.2034 0.6900 4.6950 0.1168
W plate 0.6900 4.6950 0.4632 0.7112 4.6729 0.4263 0.6900 4.5910 0.4632
W plate 0.7899 4.5910 0.2900 0.7112 4.6729 0.4263 0.6900 4.5910 0.4632
W plate 0.7899 4.5910 0.2900 0.7687 4.6131 0.3268 0.7899 4.6950 0.2900
W plate 0.6900 4.6950 0.4632 0.7687 4.6131 0.3268 0.7899 4.6950 0.2900
W plate 0.4900 4.6950 0.4632 0.5325 4.6729 0.4632 0.4900 4.5910 0.4632
W plate 0.6899 4.5910 0.4632 0.5325 4.6729 0.4632 0.4899 4.5910 0.4632
W plate 0.6900 4.5910 0.4632 0.6474 4.6131 0.4632 0.6900 4.6950 0.4632
W plate 0.4900 4.6950 0.4632 0.6474 4.6131 0.4632 0.6900 4.6950 0.4632
W plate 0.3900 4.6950 0.2900 0.4113 4.6729 0.3268 0.3900 4.5910 0.2900
W plate 0.4900 4.5910 0.4632 0.4113 4.6729 0.3268 0.3900 4.5910 0.2900
W plate 0.4900 4.5910 0.4632 0.4687 4.6131 0.4263 0.4900 4.6950 0.4632
W plate 0.3900 4.6950 0.2900 0.4687 4.6131 0.4263 0.4900 4.6950 0.4632
W plate 0.4900 4.6950 0.1168 0.4687 4.6729 0.1537 0.4900 4.5910 0.1168
W plate 0.3900 4.5910 0.2900 0.4687 4.6729 0.1537 0.4900 4.5910 0.1169
W plate 0.3900 4.5910 0.2900 0.4113 4.6131 0.2531 0.3900 4.6950 0.2900
W plate 0.4900 4.6950 0.1168 0.4113 4.6131 0.2531 0.3900 4.6950 0.2899
W plate 0.6900 4.6950 0.1168 0.6474 4.6729 0.1168 0.6900 4.5910 0.1168
W plate 0.4900 4.5910 0.1168 0.6474 4.6729 0.1168 0.6900 4.5910 0.1168
W plate 0.4900 4.5910 0.1168 0.5325 4.6131 0.1168 0.4900 4.6950 0.1168
W plate 0.6899 4.6950 0.1168 0.5325 4.6131 0.1168 0.4899 4.6950 0.1168
W plate 0.7900 4.6950 0.2900 0.7687 4.6729 0.2531 0.7900 4.5910 0.2900
W plate 0.6900 4.5910 0.1168 0.7687 4.6729 0.2531 0.7900 4.5910 0.2899
W plate 0.6900 4.5910 0.1168 0.7113 4.6131 0.1537 0.6900 4.6950 0.1168
W plate 0.7900 4.6950 0.2900 0.7112 4.6131 0.1537 0.6899 4.6950 0.1169
W plate -0.7751 4.5910 -0.2900 -0.6888 4.5910 -0.3397 -0.7175 4.5910 -0.3895
W plate -0.6025 4.5910 -0.3895 -0.6888 4.5910 -0.3398 -0.7175 4.5910 -0.3895
W plate -0.7175 4.5910 -0.1904 -0.6888 4.5910 -0.2401 -0.7751 4.5910 -0.2899
W plate -0.6026 4.5910 -0.3895 -0.6888 4.5910 -0.2401 -0.7751 4.5910 -0.2899
W plate -0.6025 4.5910 -0.3895 -0.6888 4.5910 -0.2402 -0.6026 4.5910 -0.1904
W plate -0.7175 4.5910 -0.1904 -0.6887 4.5910 -0.2402 -0.6025 4.5910 -0.1904
W plate -0.6025 4.5910 -0.3895 -0.6025 4.5910 -0.2899 -0.5450 4.5910 -0.2899
W plate -0.6025 4.5910 -0.1904 -0.6025 4.5910 -0.2900 -0.5450 4.5910 -0.2900
W plate -0.7175 4.6950 -0.1904 -0.6313 4.6950 -0.2402 -0.6025 4.6950 -0.1904
W plate -0.5450 4.6950 -0.2900 -0.6313 4.6950 -0.2402 -0.6025 4.6950 -0.1905
W plate -0.7751 4.6950 -0.2900 -0.7175 4.6950 -0.2900 -0.7175 4.6950 -0.1904
W plate -0.5450 4.6950 -0.2900 -0.7175 4.6950 -0.2900 -0.7175 4.6950 -0.1904
W plate -0.5450 4.6950 -0.2899 -0.7175 4.6950 -0.2899 -0.7175 4.6950 -0.3895
W plate -0.7751 4.6950 -0.2899 -0.7175 4.6950 -0.2899 -0.7175 4.6950 -0.3895
W plate -0.5450 4.6950 -0.2900 -0.6313 4.6950 -0.3397 -0.6025 4.6950 -0.3895
W plate -0.7175 4.6950 -0.3895 -0.6313 4.6950 -0.3398 -0.6025 4.6950 -0.3895
W plate -0.6025 4.6950 -0.1904 -0.5767 4.6482 -0.2352 -0.6025 4.5910 -0.1904
W plate -0.5450 4.5910 -0.2900 -0.5766 4.6482 -0.2352 -0.6025 4.5910 -0.1904
W plate -0.5450 4.5910 -0.2900 -0.5709 4.6378 -0.2452 -0.5450 4.6950 -0.2900
W plate -0.6025 4.6950 -0.1904 -0.5709 4.6378 -0.2452 -0.5450 4.6950 -0.2900
W plate -0.7175 4.6950 -0.1904 -0.6658 4.6482 -0.1904 -0.7175 4.5910 -0.1904
W plate -0.6025 4.5910 -0.1904 -0.6657 4.6482 -0.1904 -0.7175 4.5910 -0.1904
W plate -0.6026 4.5910 -0.1904 -0.6543 4.6378 -0.1904 -0.6026 4.6950 -0.1904
W plate -0.7175 4.6950 -0.1904 -0.6543 4.6378 -0.1904 -0.6025 4.6950 -0.1904
W plate -0.7751 4.6950 -0.2900 -0.7491 4.6482 -0.2452 -0.7751 4.5910 -0.2900
W plate -0.7175 4.5910 -0.1904 -0.7492 4.6482 -0.2452 -0.7751 4.5910 -0.2900
W plate -0.7175 4.5910 -0.1904 -0.7434 4.6378 -0.2352 -0.7175 4.6950 -0.1904
W plate -0.7750 4.6950 -0.2900 -0.7434 4.6378 -0.2352 -0.7175 4.6950 -0.1904
W plate -0.7175 4.6950 -0.3895 -0.7434 4.6482 -0.3447 -0.7175 4.5910 -0.3895
W plate -0.7750 4.5910 -0.2900 -0.7434 4.6482 -0.3448 -0.7175 4.5910 -0.3896
W plate -0.7751 4.5910 -0.2900 -0.7491 4.6378 -0.3348 -0.7751 4.6950 -0.2900
W plate -0.7175 4.6950 -0.3895 -0.7492 4.6378 -0.3347 -0.7751 4.6950 -0.2899
W plate -0.6026 4.6950 -0.3895 -0.6543 4.6482 -0.3895 -0.6026 4.5910 -0.3895
W plate -0.7175 4.5910 -0.3895 -0.6543 4.6482 -0.3895 -0.6025 4.5910 -0.3895
W plate -0.7175 4.5910 -0.3895 -0.6658 4.6378 -0.3895 -0.7175 4.6950 -0.3895
W plate -0.6025 4.6950 -0.3895 -0.6657 4.6378 -0.3895 -0.7175 4.6950 -0.3895
W plate -0.5450 4.6950 -0.2900 -0.5709 4.6482 -0.3348 -0.5450 4.5910 -0.2900
W plate -0.6025 4.5910 -0.3895 -0.5709 4.6482 -0.3347 -0.5450 4.5910 -0.2899
W plate -0.6025 4.5910 -0.3895 -0.5767 4.6378 -0.3447 -0.6025 4.6950 -0.3895
W plate -0.5450 4.6950 -0.2900 -0.5766 4.6378 -0.3448 -0.6025 4.6950 -0.3896
W steel -0.7696 0.1303 -1.3369 -0.7870 0.1263 -1.3195 -0.7725 -0.0003 -1.3340
W steel -1.3354 -0.0000 -0.7710 -0.7856 0.1267 -1.3209 -0.7710 0.0000 -1.3354
W steel -1.3369 -0.0003 -0.7696 -1.3194 0.0037 -0.7870 -1.3340 0.1303 -0.7724
W steel -0.7710 0.1300 -1.3354 -1.3209 0.0033 -0.7856 -1.3355 0.1300 -0.7710
W steel -0.7275 0.1300 -1.2601 -1.2447 0.0038 -0.7429 -1.2601 0.1300 -0.7275
W steel -1.2611 -0.0002 -0.7264 -1.2437 0.0040 -0.7439 -1.2591 0.1302 -0.7285
W steel -1.2601 0.0000 -0.7275 -0.7429 0.1262 -1.2447 -0.7275 -0.0000 -1.2601
W steel -0.7265 0.1302 -1.2611 -0.7439 0.1260 -1.2437 -0.7285 -0.0002 -1.2590
W steel -1.3354 0.1300 -0.7710 -0.7870 0.1300 -1.3195 -0.7275 0.1300 -1.2600
W steel -0.7701 0.1300 -1.3363 -0.7878 0.1300 -1.3186 -0.7284 0.1300 -1.2592
W steel -1.3354 0.1300 -0.7710 -1.3109 0.1300 -0.7906 -1.2601 0.1300 -0.7274
W steel -0.7275 0.1300 -1.2601 -1.3109 0.1300 -0.7907 -1.2601 0.1300 -0.7275
W steel -0.7275 0.0000 -1.2601 -1.3109 0.0000 -0.7907 -1.2601 0.0000 -0.7275
W steel -1.3354 0.0000 -0.7710 -1.3109 0.0000 -0.7906 -1.2601 0.0000 -0.7274
W steel -0.7701 0.0000 -1.3363 -0.7878 0.0000 -1.3186 -0.7284 0.0000 -1.2592
W steel -1.3354 0.0000 -0.7710 -0.7870 0.0000 -1.3195 -0.7275 0.0000 -1.2600
W steel 0.0020 0.1303 -1.5425 -0.0219 0.1263 -1.5361 -0.0019 -0.0003 -1.5414
W steel -0.7711 0.0000 -1.3354 -0.0199 0.1266 -1.5367 0.0000 -0.0000 -1.5420
W steel -0.7730 -0.0003 -1.3349 -0.7491 0.0037 -1.3413 -0.7691 0.1303 -1.3360
W steel 0.0000 0.1300 -1.5420 -0.7511 0.0034 -1.3408 -0.7711 0.1300 -1.3354
W steel 0.0000 0.1300 -1.4550 -0.7065 0.0037 -1.2657 -0.7275 0.1300 -1.2601
W steel -0.7289 -0.0002 -1.2597 -0.7051 0.0040 -1.2661 -0.7262 0.1302 -1.2604
W steel -0.7275 -0.0000 -1.2601 -0.0211 0.1263 -1.4494 0.0000 0.0000 -1.4550
W steel 0.0014 0.1302 -1.4554 -0.0224 0.1260 -1.4490 -0.0014 -0.0002 -1.4547
W steel -0.7711 0.1300 -1.3355 -0.0217 0.1300 -1.5361 0.0000 0.1300 -1.4549
W steel 0.0012 0.1300 -1.5423 -0.0229 0.1300 -1.5358 -0.0012 0.1300 -1.4547
W steel -0.7710 0.1300 -1.3354 -0.7400 0.1300 -1.3402 -0.7275 0.1300 -1.2600
W steel -0.0000 0.1300 -1.4551 -0.7400 0.1300 -1.3402 -0.7275 0.1300 -1.2600
W steel -0.0000 0.0000 -1.4551 -0.7400 0.0000 -1.3402 -0.7275 0.0000 -1.2600
W steel -0.7710 0.0000 -1.3354 -0.7400 0.0000 -1.3402 -0.7275 0.0000 -1.2600
W steel 0.0012 0.0000 -1.5423 -0.0229 0.0000 -1.5358 -0.0012 0.0000 -1.4547
W steel -0.7711 0.0000 -1.3355 -0.0217 0.0000 -1.5361 0.0000 0.0000 -1.4549
W steel 0.7730 0.1303 -1.3349 0.7491 0.1263 -1.3413 0.7691 -0.0003 -1.3360
W steel 0.0000 0.0000 -1.5420 0.7511 0.1266 -1.3408 0.7711 -0.0000 -1.3354
W steel -0.0020 -0.0003 -1.5425 0.0219 0.0037 -1.5361 0.0019 0.1303 -1.5414
W steel 0.7711 0.1300 -1.3354 0.0199 0.0034 -1.5367 0.0000 0.1300 -1.5420
W steel 0.7275 0.1300 -1.2601 0.0210 0.0038 -1.4494 -0.0000 0.1300 -1.4550
W steel -0.0014 -0.0002 -1.4554 0.0224 0.0040 -1.4490 0.0014 0.1302 -1.4547
W steel 0.0000 -0.0000 -1.4550 0.7065 0.1262 -1.2657 0.7275 0.0000 -1.2601
W steel 0.7289 0.1302 -1.2597 0.7051 0.1260 -1.2661 0.7261 -0.0002 -1.2604
W steel -0.0000 0.1300 -1.5420 0.7493 0.1300 -1.3412 0.7275 0.1300 -1.2600
W steel 0.7722 0.1300 -1.3351 0.7480 0.1300 -1.3416 0.7263 0.1300 -1.2603
W steel 0.0000 0.1300 -1.5421 0.0293 0.1300 -1.5306 0.0000 0.1300 -1.4550
W steel 0.7275 0.1300 -1.2601 0.0293 0.1300 -1.5306 0.0000 0.1300 -1.4550
W steel 0.7275 0.0000 -1.2601 0.0293 0.0000 -1.5306 0.0000 0.0000 -1.4550
W steel 0.0000 0.0000 -1.5421 0.0293 0.0000 -1.5306 0.0000 0.0000 -1.4550
W steel 0.7722 0.0000 -1.3351 0.7480 0.0000 -1.3416 0.7263 0.0000 -1.2603
W steel -0.0000 0.0000 -1.5420 0.7493 0.0000 -1.3412 0.7275 0.0000 -1.2600
W steel 1.3369 0.1303 -0.7696 1.3194 0.1263 -0.7870 1.3340 -0.0003 -0.7724
W steel 0.7710 -0.0000 -1.3354 1.3208 0.1267 -0.7856 1.3354 0.0000 -0.7710
W steel 0.7696 -0.0003 -1.3369 0.7870 0.0037 -1.3195 0.7725 0.1303 -1.3340
W steel 1.3354 0.1300 -0.7710 0.7856 0.0033 -1.3209 0.7710 0.1300 -1.3354
W steel 1.2601 0.1300 -0.7275 0.7429 0.0038 -1.2447 0.7275 0.1300 -1.2601
W steel 0.7265 -0.0002 -1.2611 0.7439 0.0040 -1.2437 0.7285 0.1302 -1.2590
W steel 0.7275 0.0000 -1.2601 1.2447 0.1262 -0.7429 1.2601 -0.0000 -0.7275
W steel 1.2611 0.1302 -0.7264 1.2437 0.1260 -0.7439 1.2591 -0.0002 -0.7285
W steel 0.7710 0.1300 -1.3354 1.3195 0.1300 -0.7869 1.2601 0.1300 -0.7275
W steel 1.3363 0.1300 -0.7701 1.3186 0.1300 -0.7878 1.2592 0.1300 -0.7283
W steel 0.7710 0.1300 -1.3354 0.7907 0.1300 -1.3109 0.7275 0.1300 -1.2601
W steel 1.2600 0.1300 -0.7274 0.7908 0.1300 -1.3110 0.7276 0.1300 -1.2601
W steel 1.2600 0.0000 -0.7274 0.7908 0.0000 -1.3110 0.7276 0.0000 -1.2601
W steel 0.7710 0.0000 -1.3354 0.7907 0.0000 -1.3109 0.7275 0.0000 -1.2601
W steel 1.3363 0.0000 -0.7701 1.3186 0.0000 -0.7878 1.2592 0.0000 -0.7283
W steel 0.7710 0.0000 -1.3354 1.3195 0.0000 -0.7869 1.2601 0.0000 -0.7275
W steel 1.5425 0.1303 0.0020 1.5362 0.1263 -0.0219 1.5415 -0.0003 -0.0020
W steel 1.3354 0.0001 -0.7710 1.5367 0.1266 -0.0199 1.5421 -0.0001 0.0000
W steel 1.3349 -0.0003 -0.7729 1.3413 0.0037 -0.7491 1.3359 0.1303 -0.7690
W steel 1.5420 0.1299 0.0000 1.3407 0.0034 -0.7511 1.3354 0.1301 -0.7710
W steel 1.4550 0.1300 0.0000 1.2657 0.0037 -0.7064 1.2600 0.1300 -0.7274
W steel 1.2597 -0.0002 -0.7288 1.2661 0.0040 -0.7051 1.2604 0.1302 -0.7261
W steel 1.2600 -0.0000 -0.7275 1.4493 0.1263 -0.0211 1.4550 0.0000 -0.0001
W steel 1.4554 0.1302 0.0013 1.4490 0.1260 -0.0224 1.4546 -0.0002 -0.0013
W steel 1.3353 0.1300 -0.7710 1.5363 0.1300 -0.0218 1.4551 0.1300 0.0000
W steel 1.5424 0.1300 0.0012 1.5359 0.1300 -0.0229 1.4547 0.1300 -0.0012
W steel 1.3354 0.1300 -0.7710 1.3403 0.1300 -0.7399 1.2601 0.1300 -0.7274
W steel 1.4550 0.1300 0.0000 1.3401 0.1300 -0.7399 1.2600 0.1300 -0.7274
W steel 1.4550 0.0000 0.0000 1.3401 0.0000 -0.7399 1.2600 0.0000 -0.7274
W steel 1.3354 0.0000 -0.7710 1.3403 0.0000 -0.7399 1.2601 0.0000 -0.7274
W steel 1.5424 0.0000 0.0012 1.5359 0.0000 -0.0229 1.4547 0.0000 -0.0012
W steel 1.3353 0.0000 -0.7710 1.5363 0.0000 -0.0218 1.4551 0.0000 0.0000
W steel 1.3349 0.1303 0.7729 1.3413 0.1263 0.7491 1.3359 -0.0003 0.7690
W steel 1.5420 0.0001 0.0000 1.3407 0.1266 0.7511 1.3354 -0.0001 0.7710
W steel 1.5425 -0.0003 -0.0020 1.5362 0.0037 0.0219 1.5415 0.1303 0.0020
W steel 1.3354 0.1299 0.7710 1.5367 0.0034 0.0199 1.5421 0.1301 0.0000
W steel 1.2600 0.1300 0.7275 1.4493 0.0037 0.0211 1.4550 0.1300 0.0001
W steel 1.4554 -0.0002 -0.0013 1.4490 0.0040 0.0224 1.4546 0.1302 0.0013
W steel 1.4550 -0.0000 0.0000 1.2657 0.1263 0.7064 1.2600 0.0000 0.7274
W steel 1.2597 0.1302 0.7288 1.2661 0.1260 0.7051 1.2604 -0.0002 0.7261
W steel 1.5419 0.1300 0.0000 1.3414 0.1300 0.7493 1.2602 0.1300 0.7275
W steel 1.3351 0.1300 0.7722 1.3416 0.1300 0.7480 1.2604 0.1300 0.7263
W steel 1.5420 0.1300 0.0000 1.5307 0.1300 0.0294 1.4550 0.1300 0.0000
W steel 1.2599 0.1300 0.7275 1.5308 0.1300 0.0294 1.4551 0.1300 0.0001
W steel 1.2599 0.0000 0.7275 1.5308 0.0000 0.0294 1.4551 0.0000 0.0001
W steel 1.5420 0.0000 0.0000 1.5307 0.0000 0.0294 1.4550 0.0000 0.0000
W steel 1.3351 0.0000 0.7722 1.3416 0.0000 0.7480 1.2604 0.0000 0.7263
W steel 1.5419 0.0000 0.0000 1.3414 0.0000 0.7493 1.2602 0.0000 0.7275
W steel 0.7696 0.1303 1.3369 0.7870 0.1263 1.3195 0.7725 -0.0003 1.3340
W steel 1.3354 -0.0000 0.7710 0.7856 0.1267 1.3209 0.7710 0.0000 1.3354
W steel 1.3369 -0.0003 0.7696 1.3194 0.0037 0.7870 1.3340 0.1303 0.7724
W steel 0.7710 0.1300 1.3354 1.3208 0.0033 0.7856 1.3354 0.1300 0.7710
W steel 0.7275 0.1300 1.2601 1.2447 0.0038 0.7429 1.2601 0.1300 0.7275
W steel 1.2611 -0.0002 0.7264 1.2437 0.0040 0.7439 1.2591 0.1302 0.7285
W steel 1.2601 0.0000 0.7275 0.7429 0.1262 1.2447 0.7275 -0.0000 1.2601
W steel 0.7265 0.1302 1.2611 0.7439 0.1260 1.2437 0.7285 -0.0002 1.2590
W steel 1.3354 0.1300 0.7710 0.7870 0.1300 1.3195 0.7275 0.1300 1.2600
W steel 0.7701 0.1300 1.3363 0.7878 0.1300 1.3186 0.7284 0.1300 1.2592
W steel 1.3354 0.1300 0.7710 1.3109 0.1300 0.7906 1.2601 0.1300 0.7274
W steel 0.7275 0.1300 1.2601 1.3109 0.1300 0.7907 1.2601 0.1300 0.7275
W steel 0.7275 0.0000 1.2601 1.3109 0.0000 0.7907 1.2601 0.0000 0.7275
W steel 1.3354 0.0000 0.7710 1.3109 0.0000 0.7906 1.2601 0.0000 0.7274
W steel 0.7701 0.0000 1.3363 0.7878 0.0000 1.3186 0.7284 0.0000 1.2592
W steel 1.3354 0.0000 0.7710 0.7870 0.0000 1.3195 0.7275 0.0000 1.2600
W steel -0.0020 0.1303 1.5425 0.0219 0.1263 1.5361 0.0019 -0.0003 1.5414
W steel 0.7711 0.0000 1.3354 0.0199 0.1266 1.5367 0.0000 -0.0000 1.5420
W steel 0.7730 -0.0003 1.3349 0.7491 0.0037 1.3413 0.7691 0.1303 1.3360
W steel 0.0000 0.1300 1.5420 0.7511 0.0034 1.3408 0.7711 0.1300 1.3354
W steel 0.0000 0.1300 1.4550 0.7065 0.0038 1.2657 0.7275 0.1300 1.2601
W steel 0.7289 -0.0002 1.2597 0.7051 0.0040 1.2661 0.7261 0.1302 1.2604
W steel 0.7275 -0.0000 1.2601 0.0210 0.1262 1.4494 -0.0000 0.0000 1.4550
W steel -0.0014 0.1302 1.4554 0.0224 0.1260 1.4490 0.0014 -0.0002 1.4547
W steel 0.7711 0.1300 1.3355 0.0217 0.1300 1.5361 0.0000 0.1300 1.4549
W steel -0.0012 0.1300 1.5423 0.0229 0.1300 1.5358 0.0012 0.1300 1.4547
W steel 0.7710 0.1300 1.3354 0.7400 0.1300 1.3403 0.7275 0.1300 1.2601
W steel 0.0000 0.1300 1.4551 0.7399 0.1300 1.3402 0.7275 0.1300 1.2600
W steel 0.0000 0.0000 1.4551 0.7399 0.0000 1.3402 0.7275 0.0000 1.2600
W steel 0.7710 0.0000 1.3354 0.7400 0.0000 1.3403 0.7275 0.0000 1.2601
W steel -0.0012 0.0000 1.5423 0.0229 0.0000 1.5358 0.0012 0.0000 1.4547
W steel 0.7711 0.0000 1.3355 0.0217 0.0000 1.5361 0.0000 0.0000 1.4549
W steel -0.7730 0.1303 1.3349 -0.7491 0.1263 1.3413 -0.7691 -0.0003 1.3360
W steel 0.0000 0.0000 1.5420 -0.7511 0.1266 1.3408 -0.7711 -0.0000 1.3354
W steel 0.0020 -0.0003 1.5425 -0.0219 0.0037 1.5361 -0.0019 0.1303 1.5414
W steel -0.7711 0.1300 1.3354 -0.0199 0.0034 1.5367 0.0000 0.1300 1.5420
W steel -0.7275 0.1300 1.2601 -0.0211 0.0037 1.4494 0.0000 0.1300 1.4550
W steel 0.0014 -0.0002 1.4554 -0.0224 0.0040 1.4490 -0.0014 0.1302 1.4547
W steel 0.0000 -0.0000 1.4550 -0.7065 0.1263 1.2657 -0.7275 0.0000 1.2601
W steel -0.7289 0.1302 1.2597 -0.7051 0.1260 1.2661 -0.7262 -0.0002 1.2604
W steel 0.0000 0.1300 1.5421 -0.7492 0.1300 1.3412 -0.7275 0.1300 1.2601
W steel -0.7722 0.1300 1.3351 -0.7481 0.1300 1.3416 -0.7263 0.1300 1.2604
W steel 0.0000 0.1300 1.5421 -0.0293 0.1300 1.5307 0.0000 0.1300 1.4550
W steel -0.7275 0.1300 1.2601 -0.0293 0.1300 1.5306 0.0000 0.1300 1.4550
W steel -0.7275 0.0000 1.2601 -0.0293 0.0000 1.5306 0.0000 0.0000 1.4550
W steel 0.0000 0.0000 1.5421 -0.0293 0.0000 1.5307 0.0000 0.0000 1.4550
W steel -0.7722 0.0000 1.3351 -0.7481 0.0000 1.3416 -0.7263 0.0000 1.2604
W steel 0.0000 0.0000 1.5421 -0.7492 0.0000 1.3412 -0.7275 0.0000 1.2601
W steel -1.3369 0.1303 0.7696 -1.3194 0.1263 0.7870 -1.3340 -0.0003 0.7724
W steel -0.7710 -0.0000 1.3354 -1.3209 0.1267 0.7856 -1.3355 0.0000 0.7710
W steel -0.7696 -0.0003 1.3369 -0.7870 0.0037 1.3195 -0.7725 0.1303 1.3340
W steel -1.3354 0.1300 0.7710 -0.7856 0.0033 1.3209 -0.7710 0.1300 1.3354
W steel -1.2601 0.1300 0.7275 -0.7429 0.0038 1.2447 -0.7275 0.1300 1.2601
W steel -0.7265 -0.0002 1.2611 -0.7439 0.0040 1.2437 -0.7285 0.1302 1.2590
W steel -0.7275 0.0000 1.2601 -1.2447 0.1262 0.7429 -1.2601 -0.0000 0.7275
W steel -1.2611 0.1302 0.7264 -1.2437 0.1260 0.7439 -1.2591 -0.0002 0.7285
W steel -0.7710 0.1300 1.3354 -1.3195 0.1300 0.7869 -1.2601 0.1300 0.7274
W steel -1.3363 0.1300 0.7701 -1.3186 0.1300 0.7878 -1.2592 0.1300 0.7283
W steel -0.7710 0.1300 1.3354 -0.7908 0.1300 1.3109 -0.7276 0.1300 1.2601
W steel -1.2601 0.1300 0.7275 -0.7907 0.1300 1.3109 -0.7275 0.1300 1.2601
W steel -1.2601 0.0000 0.7275 -0.7907 0.0000 1.3109 -0.7275 0.0000 1.2601
W steel -0.7710 0.0000 1.3354 -0.7908 0.0000 1.3109 -0.7276 0.0000 1.2601
W steel -1.3363 0.0000 0.7701 -1.3186 0.0000 0.7878 -1.2592 0.0000 0.7283
W steel -0.7710 0.0000 1.3354 -1.3195 0.0000 0.7869 -1.2601 0.0000 0.7274
W steel -1.5425 0.1303 -0.0020 -1.5362 0.1263 0.0219 -1.5415 -0.0003 0.0020
W steel -1.3354 0.0001 0.7710 -1.5367 0.1266 0.0199 -1.5421 -0.0001 0.0000
W steel -1.3349 -0.0003 0.7729 -1.3413 0.0037 0.7491 -1.3359 0.1303 0.7690
W steel -1.5421 0.1299 0.0000 -1.3408 0.0034 0.7511 -1.3354 0.1301 0.7710
W steel -1.4550 0.1300 0.0001 -1.2657 0.0037 0.7064 -1.2601 0.1300 0.7275
W steel -1.2597 -0.0002 0.7289 -1.2661 0.0040 0.7051 -1.2604 0.1302 0.7262
W steel -1.2601 -0.0000 0.7274 -1.4494 0.1263 0.0211 -1.4551 0.0000 0.0000
W steel -1.4554 0.1302 -0.0014 -1.4491 0.1260 0.0223 -1.4547 -0.0002 0.0013
W steel -1.3355 0.1300 0.7710 -1.5361 0.1300 0.0217 -1.4550 0.1300 0.0000
W steel -1.5424 0.1300 -0.0012 -1.5359 0.1300 0.0229 -1.4548 0.1300 0.0012
W steel -1.3354 0.1300 0.7710 -1.3403 0.1300 0.7399 -1.2601 0.1300 0.7274
W steel -1.4551 0.1300 0.0000 -1.3402 0.1300 0.7399 -1.2600 0.1300 0.7274
W steel -1.4551 0.0000 0.0000 -1.3402 0.0000 0.7399 -1.2600 0.0000 0.7274
W steel -1.3354 0.0000 0.7710 -1.3403 0.0000 0.7399 -1.2601 0.0000 0.7274
W steel -1.5424 0.0000 -0.0012 -1.5359 0.0000 0.0229 -1.4548 0.0000 0.0012
W steel -1.3355 0.0000 0.7710 -1.5361 0.0000 0.0217 -1.4550 0.0000 0.0000
W steel -1.3349 0.1303 -0.7729 -1.3413 0.1263 -0.7491 -1.3359 -0.0003 -0.7690
W steel -1.5421 0.0001 0.0000 -1.3408 0.1266 -0.7511 -1.3354 -0.0001 -0.7710
W steel -1.5425 -0.0003 0.0020 -1.5362 0.0037 -0.0219 -1.5415 0.1303 -0.0020
W steel -1.3354 0.1299 -0.7710 -1.5367 0.0034 -0.0199 -1.5421 0.1301 0.0000
W steel -1.2601 0.1300 -0.7274 -1.4494 0.0037 -0.0211 -1.4551 0.1300 0.0000
W steel -1.4554 -0.0002 0.0014 -1.4491 0.0040 -0.0223 -1.4547 0.1302 -0.0013
W steel -1.4550 -0.0000 -0.0001 -1.2657 0.1263 -0.7064 -1.2601 0.0000 -0.7275
W steel -1.2597 0.1302 -0.7289 -1.2661 0.1260 -0.7051 -1.2604 -0.0002 -0.7262
W steel -1.5419 0.1300 0.0000 -1.3414 0.1300 -0.7493 -1.2602 0.1300 -0.7275
W steel -1.3351 0.1300 -0.7722 -1.3416 0.1300 -0.7480 -1.2604 0.1300 -0.7263
W steel -1.5420 0.1300 0.0000 -1.5307 0.1300 -0.0293 -1.4550 0.1300 0.0000
W steel -1.2601 0.1300 -0.7275 -1.5306 0.1300 -0.0293 -1.4550 0.1300 0.0000
W steel -1.2601 0.0000 -0.7275 -1.5306 0.0000 -0.0293 -1.4550 0.0000 0.0000
W steel -1.5420 0.0000 0.0000 -1.5307 0.0000 -0.0293 -1.4550 0.0000 0.0000
W steel -1.3351 0.0000 -0.7722 -1.3416 0.0000 -0.7480 -1.2604 0.0000 -0.7263
W steel -1.5419 0.0000 0.0000 -1.3414 0.0000 -0.7493 -1.2602 0.0000 -0.7275
W steel -0.7708 4.5701 -1.3358 -0.7881 4.5658 -1.3183 -0.7713 4.4299 -1.3351
W steel -1.3354 4.4300 -0.7710 -0.7878 4.5658 -1.3186 -0.7710 4.4300 -1.3354
W steel -1.3357 4.4299 -0.7707 -1.3183 4.4342 -0.7881 -1.3352 4.5701 -0.7713
W steel -0.7710 4.5700 -1.3354 -1.3186 4.4342 -0.7878 -1.3355 4.5700 -0.7710
W steel -0.6900 4.5700 -1.1951 -1.1765 4.4352 -0.7087 -1.1952 4.5700 -0.6900
W steel -1.1952 4.4300 -0.6900 -1.1765 4.4352 -0.7087 -1.1952 4.5700 -0.6900
W steel -1.1952 4.4300 -0.6900 -0.7087 4.5648 -1.1765 -0.6900 4.4300 -1.1951
W steel -0.6900 4.5700 -1.1951 -0.7087 4.5648 -1.1765 -0.6900 4.4300 -1.1951
W steel -1.3355 4.5700 -0.7710 -0.8007 4.5700 -1.3057 -0.6900 4.5700 -1.1951
W steel -0.7710 4.5700 -1.3354 -0.8007 4.5700 -1.3057 -0.6900 4.5700 -1.1951
W steel -1.3354 4.5700 -0.7710 -1.2746 4.5700 -0.8109 -1.1951 4.5700 -0.6899
W steel -0.6900 4.5700 -1.1951 -1.2747 4.5700 -0.8110 -1.1952 4.5700 -0.6900
W steel -0.6900 4.4300 -1.1951 -1.2747 4.4300 -0.8110 -1.1952 4.4300 -0.6900
W steel -1.3354 4.4300 -0.7710 -1.2746 4.4300 -0.8109 -1.1951 4.4300 -0.6899
W steel -0.7710 4.4300 -1.3354 -0.8007 4.4300 -1.3057 -0.6900 4.4300 -1.1951
W steel -1.3355 4.4300 -0.7710 -0.8007 4.4300 -1.3057 -0.6900 4.4300 -1.1951
W steel 0.0004 4.5701 -1.5421 -0.0234 4.5658 -1.5357 -0.0004 4.4299 -1.5419
W steel -0.7710 4.4300 -1.3354 -0.0230 4.5658 -1.5358 -0.0000 4.4300 -1.5420
W steel -0.7714 4.4299 -1.3353 -0.7476 4.4342 -1.3417 -0.7706 4.5701 -1.3356
W steel 0.0000 4.5700 -1.5420 -0.7480 4.4342 -1.3416 -0.7710 4.5700 -1.3354
W steel 0.0000 4.5700 -1.3801 -0.6645 4.4352 -1.2020 -0.6900 4.5700 -1.1951
W steel -0.6900 4.4300 -1.1951 -0.6645 4.4352 -1.2020 -0.6900 4.5700 -1.1951
W steel -0.6900 4.4300 -1.1951 -0.0255 4.5648 -1.3732 -0.0000 4.4300 -1.3800
W steel 0.0000 4.5700 -1.3800 -0.0255 4.5648 -1.3732 0.0000 4.4300 -1.3800
W steel -0.7710 4.5700 -1.3354 -0.0405 4.5700 -1.5312 -0.0000 4.5700 -1.3801
W steel 0.0000 4.5700 -1.5420 -0.0405 4.5700 -1.5311 0.0000 4.5700 -1.3800
W steel -0.7710 4.5700 -1.3354 -0.6984 4.5700 -1.3396 -0.6900 4.5700 -1.1951
W steel 0.0000 4.5700 -1.3800 -0.6984 4.5700 -1.3396 -0.6900 4.5700 -1.1951
W steel 0.0000 4.4300 -1.3800 -0.6984 4.4300 -1.3396 -0.6900 4.4300 -1.1951
W steel -0.7710 4.4300 -1.3354 -0.6984 4.4300 -1.3396 -0.6900 4.4300 -1.1951
W steel 0.0000 4.4300 -1.5420 -0.0405 4.4300 -1.5311 0.0000 4.4300 -1.3800
W steel -0.7710 4.4300 -1.3354 -0.0405 4.4300 -1.5312 -0.0000 4.4300 -1.3801
W steel 0.7714 4.5701 -1.3353 0.7476 4.5658 -1.3417 0.7706 4.4299 -1.3356
W steel 0.0000 4.4300 -1.5420 0.7480 4.5658 -1.3416 0.7710 4.4300 -1.3354
W steel -0.0004 4.4299 -1.5421 0.0234 4.4342 -1.5357 0.0004 4.5701 -1.5419
W steel 0.7710 4.5700 -1.3354 0.0230 4.4342 -1.5358 0.0000 4.5700 -1.5420
W steel 0.6900 4.5700 -1.1951 0.0255 4.4352 -1.3732 0.0000 4.5700 -1.3800
W steel 0.0000 4.4300 -1.3800 0.0255 4.4352 -1.3732 0.0000 4.5700 -1.3800
W steel 0.0000 4.4300 -1.3801 0.6645 4.5648 -1.2020 0.6900 4.4300 -1.1951
W steel 0.6900 4.5700 -1.1951 0.6645 4.5648 -1.2020 0.6900 4.4300 -1.1951
W steel 0.0000 4.5700 -1.5419 0.7305 4.5700 -1.3463 0.6900 4.5700 -1.1951
W steel 0.7710 4.5700 -1.3354 0.7305 4.5700 -1.3463 0.6900 4.5700 -1.1951
W steel 0.0000 4.5700 -1.5419 0.0650 4.5700 -1.5093 0.0000 4.5700 -1.3799
W steel 0.6900 4.5700 -1.1952 0.0650 4.5700 -1.5093 0.0000 4.5700 -1.3800
W steel 0.6900 4.4300 -1.1952 0.0650 4.4300 -1.5093 0.0000 4.4300 -1.3800
W steel 0.0000 4.4300 -1.5419 0.0650 4.4300 -1.5093 0.0000 4.4300 -1.3799
W steel 0.7710 4.4300 -1.3354 0.7305 4.4300 -1.3463 0.6900 4.4300 -1.1951
W steel 0.0000 4.4300 -1.5419 0.7305 4.4300 -1.3463 0.6900 4.4300 -1.1951
W steel 1.3357 4.5701 -0.7707 1.3183 4.5658 -0.7881 1.3351 4.4299 -0.7713
W steel 0.7710 4.4300 -1.3354 1.3186 4.5658 -0.7878 1.3354 4.4300 -0.7710
W steel 0.7708 4.4299 -1.3358 0.7881 4.4342 -1.3183 0.7713 4.5701 -1.3351
W steel 1.3354 4.5700 -0.7710 0.7879 4.4342 -1.3186 0.7710 4.5700 -1.3354
W steel 1.1951 4.5700 -0.6900 0.7087 4.4352 -1.1765 0.6900 4.5700 -1.1951
W steel 0.6900 4.4300 -1.1951 0.7087 4.4352 -1.1765 0.6900 4.5700 -1.1951
W steel 0.6900 4.4300 -1.1951 1.1764 4.5648 -0.7087 1.1951 4.4300 -0.6900
W steel 1.1951 4.5700 -0.6900 1.1764 4.5648 -0.7087 1.1951 4.4300 -0.6900
W steel 0.7710 4.5700 -1.3354 1.3058 4.5700 -0.8007 1.1951 4.5700 -0.6900
W steel 1.3354 4.5700 -0.7710 1.3058 4.5700 -0.8006 1.1951 4.5700 -0.6899
W steel 0.7710 4.5700 -1.3354 0.8110 4.5700 -1.2747 0.6900 4.5700 -1.1952
W steel 1.1950 4.5700 -0.6899 0.8110 4.5700 -1.2747 0.6900 4.5700 -1.1952
W steel 1.1950 4.4300 -0.6899 0.8110 4.4300 -1.2747 0.6900 4.4300 -1.1952
W steel 0.7710 4.4300 -1.3354 0.8110 4.4300 -1.2747 0.6900 4.4300 -1.1952
W steel 1.3354 4.4300 -0.7710 1.3058 4.4300 -0.8006 1.1951 4.4300 -0.6899
W steel 0.7710 4.4300 -1.3354 1.3058 4.4300 -0.8007 1.1951 4.4300 -0.6900
W steel 1.5421 4.5701 0.0004 1.5358 4.5658 -0.0234 1.5419 4.4299 -0.0004
W steel 1.3354 4.4300 -0.7710 1.5359 4.5658 -0.0230 1.5420 4.4300 0.0000
W steel 1.3353 4.4299 -0.7714 1.3417 4.4342 -0.7476 1.3355 4.5701 -0.7706
W steel 1.5420 4.5700 0.0000 1.3416 4.4342 -0.7480 1.3354 4.5700 -0.7710
W steel 1.3800 4.5700 0.0000 1.2020 4.4352 -0.6644 1.1951 4.5700 -0.6899
W steel 1.1951 4.4300 -0.6900 1.2019 4.4352 -0.6645 1.1951 4.5700 -0.6900
W steel 1.1951 4.4300 -0.6900 1.3731 4.5648 -0.0256 1.3800 4.4300 -0.0001
W steel 1.3800 4.5700 0.0000 1.3732 4.5648 -0.0255 1.3800 4.4300 0.0000
W steel 1.3354 4.5700 -0.7710 1.5312 4.5700 -0.0405 1.3800 4.5700 0.0000
W steel 1.5420 4.5700 0.0000 1.5312 4.5700 -0.0405 1.3800 4.5700 0.0000
W steel 1.3354 4.5700 -0.7710 1.3396 4.5700 -0.6983 1.1951 4.5700 -0.6899
W steel 1.3800 4.5700 0.0000 1.3396 4.5700 -0.6983 1.1951 4.5700 -0.6899
W steel 1.3800 4.4300 0.0000 1.3396 4.4300 -0.6983 1.1951 4.4300 -0.6899
W steel 1.3354 4.4300 -0.7710 1.3396 4.4300 -0.6983 1.1951 4.4300 -0.6899
W steel 1.5420 4.4300 0.0000 1.5312 4.4300 -0.0405 1.3800 4.4300 0.0000
W steel 1.3354 4.4300 -0.7710 1.5312 4.4300 -0.0405 1.3800 4.4300 0.0000
W steel 1.3353 4.5701 0.7714 1.3417 4.5658 0.7476 1.3355 4.4299 0.7706
W steel 1.5420 4.4300 0.0000 1.3416 4.5658 0.7480 1.3354 4.4300 0.7710
W steel 1.5421 4.4299 -0.0004 1.5358 4.4342 0.0234 1.5419 4.5701 0.0004
W steel 1.3354 4.5700 0.7710 1.5359 4.4342 0.0230 1.5420 4.5700 0.0000
W steel 1.1951 4.5700 0.6900 1.3731 4.4352 0.0256 1.3800 4.5700 0.0001
W steel 1.3800 4.4300 0.0000 1.3732 4.4352 0.0255 1.3800 4.5700 0.0000
W steel 1.3800 4.4300 0.0000 1.2020 4.5648 0.6644 1.1951 4.4300 0.6899
W steel 1.1951 4.5700 0.6900 1.2019 4.5648 0.6645 1.1951 4.4300 0.6900
W steel 1.5421 4.5700 0.0000 1.3462 4.5700 0.7305 1.1951 4.5700 0.6899
W steel 1.3354 4.5700 0.7710 1.3463 4.5700 0.7305 1.1951 4.5700 0.6899
W steel 1.5420 4.5700 0.0000 1.5093 4.5700 0.0650 1.3800 4.5700 0.0000
W steel 1.1951 4.5700 0.6900 1.5093 4.5700 0.0649 1.3799 4.5700 -0.0001
W steel 1.1951 4.4300 0.6900 1.5093 4.4300 0.0649 1.3799 4.4300 -0.0001
W steel 1.5420 4.4300 0.0000 1.5093 4.4300 0.0650 1.3800 4.4300 0.0000
W steel 1.3354 4.4300 0.7710 1.3463 4.4300 0.7305 1.1951 4.4300 0.6899
W steel 1.5421 4.4300 0.0000 1.3462 4.4300 0.7305 1.1951 4.4300 0.6899
W steel 0.7708 4.5701 1.3358 0.7881 4.5658 1.3183 0.7713 4.4299 1.3351
W steel 1.3354 4.4300 0.7710 0.7879 4.5658 1.3186 0.7710 4.4300 1.3354
W steel 1.3357 4.4299 0.7707 1.3183 4.4342 0.7881 1.3351 4.5701 0.7713
W steel 0.7710 4.5700 1.3354 1.3186 4.4342 0.7878 1.3354 4.5700 0.7710
W steel 0.6900 4.5700 1.1951 1.1764 4.4352 0.7087 1.1951 4.5700 0.6900
W steel 1.1951 4.4300 0.6900 1.1764 4.4352 0.7087 1.1951 4.5700 0.6900
W steel 1.1951 4.4300 0.6900 0.7087 4.5648 1.1765 0.6900 4.4300 1.1951
W steel 0.6900 4.5700 1.1951 0.7087 4.5648 1.1765 0.6900 4.4300 1.1951
W steel 1.3354 4.5700 0.7710 0.8007 4.5700 1.3058 0.6900 4.5700 1.1952
W steel 0.7711 4.5700 1.3354 0.8007 4.5700 1.3058 0.6900 4.5700 1.1952
W steel 1.3354 4.5700 0.7710 1.2746 4.5700 0.8109 1.1951 4.5700 0.6899
W steel 0.6900 4.5700 1.1951 1.2746 4.5700 0.8110 1.1951 4.5700 0.6900
W steel 0.6900 4.4300 1.1951 1.2746 4.4300 0.8110 1.1951 4.4300 0.6900
W steel 1.3354 4.4300 0.7710 1.2746 4.4300 0.8109 1.1951 4.4300 0.6899
W steel 0.7711 4.4300 1.3354 0.8007 4.4300 1.3058 0.6900 4.4300 1.1952
W steel 1.3354 4.4300 0.7710 0.8007 4.4300 1.3058 0.6900 4.4300 1.1952
W steel -0.0004 4.5701 1.5421 0.0234 4.5658 1.5357 0.0004 4.4299 1.5419
W steel 0.7710 4.4300 1.3354 0.0230 4.5658 1.5358 0.0000 4.4300 1.5420
W steel 0.7714 4.4299 1.3353 0.7476 4.4342 1.3417 0.7706 4.5701 1.3356
W steel 0.0000 4.5700 1.5420 0.7480 4.4342 1.3416 0.7710 4.5700 1.3354
W steel 0.0000 4.5700 1.3801 0.6645 4.4352 1.2020 0.6900 4.5700 1.1951
W steel 0.6900 4.4300 1.1951 0.6645 4.4352 1.2020 0.6900 4.5700 1.1951
W steel 0.6900 4.4300 1.1951 0.0255 4.5648 1.3732 0.0000 4.4300 1.3800
W steel 0.0000 4.5700 1.3800 0.0255 4.5648 1.3732 0.0000 4.4300 1.3800
W steel 0.7710 4.5700 1.3354 0.0405 4.5700 1.5312 0.0000 4.5700 1.3801
W steel -0.0000 4.5700 1.5420 0.0405 4.5700 1.5311 -0.0000 4.5700 1.3800
W steel 0.7710 4.5700 1.3354 0.6983 4.5700 1.3396 0.6900 4.5700 1.1951
W steel 0.0000 4.5700 1.3800 0.6984 4.5700 1.3396 0.6900 4.5700 1.1951
W steel 0.0000 4.4300 1.3800 0.6984 4.4300 1.3396 0.6900 4.4300 1.1951
W steel 0.7710 4.4300 1.3354 0.6983 4.4300 1.3396 0.6900 4.4300 1.1951
W steel -0.0000 4.4300 1.5420 0.0405 4.4300 1.5311 -0.0000 4.4300 1.3800
W steel 0.7710 4.4300 1.3354 0.0405 4.4300 1.5312 0.0000 4.4300 1.3801
W steel -0.7714 4.5701 1.3353 -0.7476 4.5658 1.3417 -0.7706 4.4299 1.3356
W steel 0.0000 4.4300 1.5420 -0.7480 4.5658 1.3416 -0.7710 4.4300 1.3354
W steel 0.0004 4.4299 1.5421 -0.0234 4.4342 1.5357 -0.0004 4.5701 1.5419
W steel -0.7710 4.5700 1.3354 -0.0230 4.4342 1.5358 -0.0000 4.5700 1.5420
W steel -0.6900 4.5700 1.1951 -0.0255 4.4352 1.3732 -0.0000 4.5700 1.3800
W steel 0.0000 4.4300 1.3800 -0.0255 4.4352 1.3732 0.0000 4.5700 1.3800
W steel 0.0000 4.4300 1.3801 -0.6645 4.5648 1.2020 -0.6900 4.4300 1.1951
W steel -0.6900 4.5700 1.1951 -0.6645 4.5648 1.2020 -0.6900 4.4300 1.1951
W steel 0.0000 4.5700 1.5420 -0.7306 4.5700 1.3463 -0.6901 4.5700 1.1951
W steel -0.7710 4.5700 1.3354 -0.7305 4.5700 1.3463 -0.6900 4.5700 1.1951
W steel 0.0000 4.5700 1.5419 -0.0650 4.5700 1.5093 0.0000 4.5700 1.3799
W steel -0.6900 4.5700 1.1952 -0.0650 4.5700 1.5093 0.0000 4.5700 1.3800
W steel -0.6900 4.4300 1.1952 -0.0650 4.4300 1.5093 0.0000 4.4300 1.3800
W steel 0.0000 4.4300 1.5419 -0.0650 4.4300 1.5093 0.0000 4.4300 1.3799
W steel -0.7710 4.4300 1.3354 -0.7305 4.4300 1.3463 -0.6900 4.4300 1.1951
W steel 0.0000 4.4300 1.5420 -0.7306 4.4300 1.3463 -0.6901 4.4300 1.1951
W steel -1.3357 4.5701 0.7707 -1.3183 4.5658 0.7881 -1.3352 4.4299 0.7713
W steel -0.7710 4.4300 1.3354 -1.3186 4.5658 0.7878 -1.3355 4.4300 0.7710
W steel -0.7708 4.4299 1.3358 -0.7881 4.4342 1.3183 -0.7713 4.5701 1.3351
W steel -1.3354 4.5700 0.7710 -0.7878 4.4342 1.3186 -0.7710 4.5700 1.3354
W steel -1.1952 4.5700 0.6900 -0.7087 4.4352 1.1765 -0.6900 4.5700 1.1951
W steel -0.6900 4.4300 1.1951 -0.7087 4.4352 1.1765 -0.6900 4.5700 1.1951
W steel -0.6900 4.4300 1.1951 -1.1765 4.5648 0.7087 -1.1952 4.4300 0.6900
W steel -1.1952 4.5700 0.6900 -1.1765 4.5648 0.7087 -1.1952 4.4300 0.6900
W steel -0.7710 4.5700 1.3354 -1.3058 4.5700 0.8006 -1.1952 4.5700 0.6899
W steel -1.3354 4.5700 0.7710 -1.3058 4.5700 0.8006 -1.1951 4.5700 0.6899
W steel -0.7710 4.5700 1.3354 -0.8110 4.5700 1.2747 -0.6900 4.5700 1.1952
W steel -1.1951 4.5700 0.6899 -0.8110 4.5700 1.2747 -0.6901 4.5700 1.1952
W steel -1.1951 4.4300 0.6899 -0.8110 4.4300 1.2747 -0.6901 4.4300 1.1952
W steel -0.7710 4.4300 1.3354 -0.8110 4.4300 1.2747 -0.6900 4.4300 1.1952
W steel -1.3354 4.4300 0.7710 -1.3058 4.4300 0.8006 -1.1951 4.4300 0.6899
W steel -0.7710 4.4300 1.3354 -1.3058 4.4300 0.8006 -1.1952 4.4300 0.6899
W steel -1.5421 4.5701 -0.0004 -1.5358 4.5658 0.0234 -1.5419 4.4299 0.0004
W steel -1.3354 4.4300 0.7710 -1.5358 4.5658 0.0230 -1.5420 4.4300 0.0000
W steel -1.3354 4.4299 0.7714 -1.3417 4.4342 0.7476 -1.3355 4.5701 0.7706
W steel -1.5420 4.5700 0.0000 -1.3416 4.4342 0.7480 -1.3355 4.5700 0.7710
W steel -1.3800 4.5700 0.0000 -1.2020 4.4352 0.6644 -1.1952 4.5700 0.6899
W steel -1.1952 4.4300 0.6900 -1.2020 4.4352 0.6645 -1.1952 4.5700 0.6900
W steel -1.1951 4.4300 0.6900 -1.3732 4.5648 0.0256 -1.3800 4.4300 0.0001
W steel -1.3800 4.5700 0.0000 -1.3732 4.5648 0.0255 -1.3800 4.4300 0.0000
W steel -1.3354 4.5700 0.7710 -1.5312 4.5700 0.0405 -1.3801 4.5700 0.0000
W steel -1.5420 4.5700 0.0000 -1.5312 4.5700 0.0405 -1.3800 4.5700 0.0000
W steel -1.3354 4.5700 0.7710 -1.3396 4.5700 0.6983 -1.1951 4.5700 0.6899
W steel -1.3800 4.5700 0.0000 -1.3396 4.5700 0.6983 -1.1951 4.5700 0.6899
W steel -1.3800 4.4300 0.0000 -1.3396 4.4300 0.6983 -1.1951 4.4300 0.6899
W steel -1.3354 4.4300 0.7710 -1.3396 4.4300 0.6983 -1.1951 4.4300 0.6899
W steel -1.5420 4.4300 0.0000 -1.5312 4.4300 0.0405 -1.3800 4.4300 0.0000
W steel -1.3354 4.4300 0.7710 -1.5312 4.4300 0.0405 -1.3801 4.4300 0.0000
W steel -1.3354 4.5701 -0.7714 -1.3417 4.5658 -0.7476 -1.3355 4.4299 -0.7706
W steel -1.5420 4.4300 0.0000 -1.3416 4.5658 -0.7480 -1.3355 4.4300 -0.7710
W steel -1.5421 4.4299 0.0004 -1.5358 4.4342 -0.0234 -1.5419 4.5701 -0.0004
W steel -1.3354 4.5700 -0.7710 -1.5358 4.4342 -0.0230 -1.5420 4.5700 0.0000
W steel -1.1951 4.5700 -0.6900 -1.3732 4.4352 -0.0256 -1.3800 4.5700 -0.0001
W steel -1.3800 4.4300 0.0000 -1.3732 4.4352 -0.0255 -1.3800 4.5700 0.0000
W steel -1.3800 4.4300 0.0000 -1.2020 4.5648 -0.6644 -1.1952 4.4300 -0.6899
W steel -1.1952 4.5700 -0.6900 -1.2020 4.5648 -0.6645 -1.1952 4.4300 -0.6900
W steel -1.5419 4.5700 0.0001 -1.3463 4.5700 -0.7305 -1.1952 4.5700 -0.6900
W steel -1.3354 4.5700 -0.7709 -1.3463 4.5700 -0.7305 -1.1951 4.5700 -0.6900
W steel -1.5420 4.5700 0.0000 -1.5094 4.5700 -0.0650 -1.3800 4.5700 0.0000
W steel -1.1952 4.5700 -0.6900 -1.5093 4.5700 -0.0649 -1.3800 4.5700 0.0001
W steel -1.1952 4.4300 -0.6900 -1.5093 4.4300 -0.0649 -1.3800 4.4300 0.0001
W steel -1.5420 4.4300 0.0000 -1.5094 4.4300 -0.0650 -1.3800 4.4300 0.0000
W steel -1.3354 4.4300 -0.7709 -1.3463 4.4300 -0.7305 -1.1951 4.4300 -0.6900
W steel -1.5419 4.4300 0.0001 -1.3463 4.4300 -0.7305 -1.1952 4.4300 -0.6900
W steel -0.7637 1.1703 -1.3264 -0.7811 1.1663 -1.3090 -0.7664 1.0397 -1.3237
W steel -1.3251 1.0400 -0.7650 -0.7798 1.1666 -1.3104 -0.7651 1.0400 -1.3251
W steel -1.3264 1.0397 -0.7637 -1.3090 1.0437 -0.7811 -1.3237 1.1703 -0.7664
W steel -0.7650 1.1700 -1.3251 -1.3103 1.0434 -0.7797 -1.3250 1.1700 -0.7650
W steel -0.7425 1.1700 -1.2861 -1.2710 1.0436 -0.7576 -1.2861 1.1700 -0.7425
W steel -1.2873 1.0397 -0.7413 -1.2698 1.0439 -0.7588 -1.2849 1.1703 -0.7437
W steel -1.2861 1.0400 -0.7425 -0.7576 1.1664 -1.2709 -0.7425 1.0400 -1.2861
W steel -0.7414 1.1703 -1.2872 -0.7588 1.1661 -1.2698 -0.7437 1.0397 -1.2849
W steel -1.3250 1.1700 -0.7650 -0.7733 1.1700 -1.3168 -0.7425 1.1700 -1.2860
W steel -0.7603 1.1700 -1.3298 -0.7780 1.1700 -1.3121 -0.7473 1.1700 -1.2813
W steel -1.3291 1.1700 -0.7614 -1.3105 1.1700 -0.7781 -1.2820 1.1700 -0.7462
W steel -0.7426 1.1700 -1.2861 -1.3146 1.1700 -0.7744 -1.2861 1.1700 -0.7425
W steel -0.7426 1.0400 -1.2861 -1.3146 1.0400 -0.7744 -1.2861 1.0400 -0.7425
W steel -1.3291 1.0400 -0.7614 -1.3105 1.0400 -0.7781 -1.2820 1.0400 -0.7462
W steel -0.7603 1.0400 -1.3298 -0.7780 1.0400 -1.3121 -0.7473 1.0400 -1.2813
W steel -1.3250 1.0400 -0.7650 -0.7733 1.0400 -1.3168 -0.7425 1.0400 -1.2860
W steel 0.0019 1.1703 -1.5305 -0.0219 1.1663 -1.5242 -0.0019 1.0397 -1.5295
W steel -0.7650 1.0400 -1.3251 -0.0201 1.1666 -1.5247 0.0000 1.0400 -1.5300
W steel -0.7669 1.0397 -1.3246 -0.7431 1.0437 -1.3309 -0.7632 1.1703 -1.3256
W steel 0.0000 1.1700 -1.5300 -0.7450 1.0434 -1.3304 -0.7651 1.1700 -1.3251
W steel 0.0000 1.1701 -1.4850 -0.7218 1.0436 -1.2916 -0.7425 1.1699 -1.2860
W steel -0.7441 1.0397 -1.2856 -0.7203 1.0439 -1.2920 -0.7409 1.1703 -1.2864
W steel -0.7425 1.0399 -1.2860 -0.0207 1.1664 -1.4794 -0.0000 1.0401 -1.4850
W steel 0.0016 1.1703 -1.4854 -0.0222 1.1661 -1.4790 -0.0016 1.0397 -1.4846
W steel -0.7651 1.1700 -1.3251 -0.0113 1.1700 -1.5270 0.0000 1.1700 -1.4849
W steel 0.0065 1.1700 -1.5317 -0.0177 1.1700 -1.5253 -0.0064 1.1700 -1.4832
W steel -0.7704 1.1700 -1.3240 -0.7459 1.1700 -1.3291 -0.7372 1.1700 -1.2872
W steel 0.0000 1.1700 -1.4850 -0.7513 1.1700 -1.3279 -0.7425 1.1700 -1.2861
W steel 0.0000 1.0400 -1.4850 -0.7513 1.0400 -1.3279 -0.7425 1.0400 -1.2861
W steel -0.7704 1.0400 -1.3240 -0.7459 1.0400 -1.3291 -0.7372 1.0400 -1.2872
W steel 0.0065 1.0400 -1.5317 -0.0177 1.0400 -1.5253 -0.0064 1.0400 -1.4832
W steel -0.7651 1.0400 -1.3251 -0.0113 1.0400 -1.5270 0.0000 1.0400 -1.4849
W steel 0.7668 1.1703 -1.3246 0.7430 1.1663 -1.3309 0.7631 1.0397 -1.3256
W steel 0.0000 1.0400 -1.5300 0.7449 1.1666 -1.3304 0.7650 1.0400 -1.3251
W steel -0.0019 1.0397 -1.5305 0.0219 1.0437 -1.5242 0.0019 1.1703 -1.5295
W steel 0.7650 1.1700 -1.3251 0.0201 1.0434 -1.5247 -0.0000 1.1700 -1.5300
W steel 0.7425 1.1701 -1.2860 0.0207 1.0436 -1.4794 0.0000 1.1699 -1.4850
W steel -0.0016 1.0397 -1.4854 0.0222 1.0439 -1.4790 0.0016 1.1703 -1.4846
W steel 0.0000 1.0399 -1.4850 0.7218 1.1664 -1.2916 0.7425 1.0401 -1.2860
W steel 0.7441 1.1703 -1.2856 0.7203 1.1661 -1.2920 0.7409 1.0397 -1.2864
W steel 0.0000 1.1700 -1.5302 0.7537 1.1700 -1.3280 0.7425 1.1700 -1.2860
W steel 0.7715 1.1700 -1.3234 0.7473 1.1700 -1.3298 0.7361 1.1700 -1.2878
W steel -0.0052 1.1700 -1.5317 0.0186 1.1700 -1.5239 0.0052 1.1700 -1.4833
W steel 0.7425 1.1700 -1.2860 0.0134 1.1700 -1.5258 0.0000 1.1700 -1.4851
W steel 0.7425 1.0400 -1.2860 0.0134 1.0400 -1.5258 0.0000 1.0400 -1.4851
W steel -0.0052 1.0400 -1.5317 0.0186 1.0400 -1.5239 0.0052 1.0400 -1.4833
W steel 0.7715 1.0400 -1.3234 0.7473 1.0400 -1.3298 0.7361 1.0400 -1.2878
W steel 0.0000 1.0400 -1.5302 0.7537 1.0400 -1.3280 0.7425 1.0400 -1.2860
W steel 1.3264 1.1703 -0.7637 1.3090 1.1663 -0.7811 1.3237 1.0397 -0.7664
W steel 0.7650 1.0400 -1.3251 1.3104 1.1666 -0.7797 1.3250 1.0400 -0.7650
W steel 0.7636 1.0397 -1.3264 0.7810 1.0437 -1.3090 0.7664 1.1703 -1.3237
W steel 1.3250 1.1700 -0.7650 0.7797 1.0434 -1.3104 0.7650 1.1700 -1.3251
W steel 1.2860 1.1700 -0.7425 0.7576 1.0436 -1.2709 0.7425 1.1700 -1.2861
W steel 0.7414 1.0397 -1.2872 0.7588 1.0439 -1.2698 0.7437 1.1703 -1.2849
W steel 0.7425 1.0400 -1.2861 1.2709 1.1664 -0.7576 1.2860 1.0400 -0.7425
W steel 1.2872 1.1703 -0.7413 1.2698 1.1661 -0.7588 1.2849 1.0397 -0.7437
W steel 0.7650 1.1700 -1.3251 1.3168 1.1700 -0.7733 1.2860 1.1700 -0.7426
W steel 1.3298 1.1700 -0.7603 1.3121 1.1700 -0.7780 1.2813 1.1700 -0.7473
W steel 0.7614 1.1700 -1.3291 0.7780 1.1700 -1.3105 0.7462 1.1700 -1.2820
W steel 1.2861 1.1700 -0.7426 0.7743 1.1700 -1.3145 0.7425 1.1700 -1.2860
W steel 1.2861 1.0400 -0.7426 0.7743 1.0400 -1.3145 0.7425 1.0400 -1.2860
W steel 0.7614 1.0400 -1.3291 0.7780 1.0400 -1.3105 0.7462 1.0400 -1.2820
W steel 1.3298 1.0400 -0.7603 1.3121 1.0400 -0.7780 1.2813 1.0400 -0.7472
W steel 0.7650 1.0400 -1.3251 1.3168 1.0400 -0.7733 1.2860 1.0400 -0.7426
W steel 1.5305 1.1703 0.0019 1.5241 1.1663 -0.0220 1.5295 1.0397 -0.0019
W steel 1.3250 1.0400 -0.7650 1.5246 1.1666 -0.0200 1.5300 1.0400 0.0001
W steel 1.3245 1.0397 -0.7669 1.3309 1.0437 -0.7430 1.3256 1.1703 -0.7631
W steel 1.5300 1.1700 -0.0001 1.3304 1.0434 -0.7450 1.3250 1.1700 -0.7651
W steel 1.4850 1.1699 0.0001 1.2916 1.0437 -0.7219 1.2860 1.1701 -0.7425
W steel 1.2856 1.0397 -0.7441 1.2920 1.0439 -0.7203 1.2865 1.1703 -0.7409
W steel 1.2860 1.0401 -0.7426 1.4795 1.1663 -0.0206 1.4850 1.0399 0.0000
W steel 1.4854 1.1703 0.0016 1.4791 1.1661 -0.0222 1.4846 1.0397 -0.0016
W steel 1.3252 1.1700 -0.7650 1.5269 1.1700 -0.0112 1.4850 1.1700 0.0000
W steel 1.5317 1.1700 0.0065 1.5253 1.1700 -0.0177 1.4833 1.1700 -0.0065
W steel 1.3239 1.1700 -0.7704 1.3290 1.1700 -0.7459 1.2872 1.1700 -0.7372
W steel 1.4848 1.1700 0.0001 1.3282 1.1700 -0.7513 1.2863 1.1700 -0.7426
W steel 1.4848 1.0400 0.0001 1.3282 1.0400 -0.7513 1.2863 1.0400 -0.7426
W steel 1.3239 1.0400 -0.7704 1.3290 1.0400 -0.7459 1.2872 1.0400 -0.7372
W steel 1.5317 1.0400 0.0065 1.5253 1.0400 -0.0177 1.4833 1.0400 -0.0065
W steel 1.3252 1.0400 -0.7650 1.5269 1.0400 -0.0112 1.4850 1.0400 0.0000
W steel 1.3245 1.1703 0.7669 1.3309 1.1663 0.7430 1.3256 1.0397 0.7631
W steel 1.5300 1.0400 0.0001 1.3304 1.1666 0.7450 1.3250 1.0400 0.7651
W steel 1.5305 1.0397 -0.0019 1.5241 1.0437 0.0220 1.5295 1.1703 0.0019
W steel 1.3250 1.1700 0.7650 1.5246 1.0434 0.0200 1.5300 1.1700 -0.0001
W steel 1.2860 1.1699 0.7426 1.4795 1.0437 0.0206 1.4850 1.1701 0.0000
W steel 1.4854 1.0397 -0.0016 1.4791 1.0439 0.0222 1.4846 1.1703 0.0016
W steel 1.4850 1.0401 -0.0001 1.2916 1.1663 0.7219 1.2860 1.0399 0.7425
W steel 1.2856 1.1703 0.7441 1.2920 1.1661 0.7203 1.2865 1.0397 0.7409
W steel 1.5297 1.1700 -0.0001 1.3283 1.1700 0.7538 1.2863 1.1700 0.7426
W steel 1.3233 1.1700 0.7715 1.3297 1.1700 0.7473 1.2877 1.1700 0.7361
W steel 1.5317 1.1700 -0.0052 1.5239 1.1700 0.0186 1.4833 1.1700 0.0052
W steel 1.2858 1.1700 0.7424 1.5258 1.1700 0.0135 1.4853 1.1700 0.0001
W steel 1.2858 1.0400 0.7424 1.5258 1.0400 0.0135 1.4853 1.0400 0.0001
W steel 1.5317 1.0400 -0.0052 1.5239 1.0400 0.0186 1.4833 1.0400 0.0052
W steel 1.3233 1.0400 0.7715 1.3297 1.0400 0.7473 1.2877 1.0400 0.7361
W steel 1.5297 1.0400 -0.0001 1.3283 1.0400 0.7538 1.2863 1.0400 0.7426
W steel 0.7636 1.1703 1.3264 0.7810 1.1663 1.3090 0.7664 1.0397 1.3237
W steel 1.3250 1.0400 0.7650 0.7797 1.1666 1.3104 0.7650 1.0400 1.3251
W steel 1.3264 1.0397 0.7637 1.3090 1.0437 0.7811 1.3237 1.1703 0.7664
W steel 0.7650 1.1700 1.3251 1.3104 1.0434 0.7797 1.3250 1.1700 0.7650
W steel 0.7425 1.1700 1.2861 1.2709 1.0436 0.7576 1.2860 1.1700 0.7425
W steel 1.2872 1.0397 0.7413 1.2698 1.0439 0.7588 1.2849 1.1703 0.7437
W steel 1.2860 1.0400 0.7425 0.7576 1.1664 1.2709 0.7425 1.0400 1.2861
W steel 0.7414 1.1703 1.2872 0.7588 1.1661 1.2698 0.7437 1.0397 1.2849
W steel 1.3250 1.1700 0.7650 0.7732 1.1700 1.3168 0.7425 1.1700 1.2860
W steel 0.7603 1.1700 1.3298 0.7780 1.1700 1.3121 0.7472 1.1700 1.2813
W steel 1.3291 1.1700 0.7614 1.3105 1.1700 0.7781 1.2819 1.1700 0.7462
W steel 0.7424 1.1700 1.2860 1.3146 1.1700 0.7745 1.2861 1.1700 0.7426
W steel 0.7424 1.0400 1.2860 1.3146 1.0400 0.7745 1.2861 1.0400 0.7426
W steel 1.3291 1.0400 0.7614 1.3105 1.0400 0.7781 1.2819 1.0400 0.7462
W steel 0.7603 1.0400 1.3298 0.7779 1.0400 1.3121 0.7472 1.0400 1.2813
W steel 1.3252 1.0400 0.7651 0.7731 1.0400 1.3167 0.7423 1.0400 1.2859
W steel -0.0019 1.1703 1.5305 0.0219 1.1663 1.5242 0.0019 1.0397 1.5295
W steel 0.7650 1.0400 1.3251 0.0201 1.1666 1.5247 -0.0000 1.0400 1.5300
W steel 0.7668 1.0397 1.3246 0.7430 1.0437 1.3309 0.7631 1.1703 1.3256
W steel 0.0000 1.1700 1.5300 0.7449 1.0434 1.3304 0.7650 1.1700 1.3251
W steel 0.0000 1.1701 1.4850 0.7218 1.0436 1.2916 0.7425 1.1699 1.2860
W steel 0.7441 1.0397 1.2856 0.7203 1.0439 1.2920 0.7409 1.1703 1.2864
W steel 0.7425 1.0399 1.2860 0.0207 1.1664 1.4794 0.0000 1.0401 1.4850
W steel -0.0016 1.1703 1.4854 0.0222 1.1661 1.4790 0.0016 1.0397 1.4846
W steel 0.7650 1.1700 1.3251 0.0112 1.1700 1.5270 -0.0000 1.1700 1.4849
W steel -0.0065 1.1700 1.5317 0.0177 1.1700 1.5253 0.0064 1.1700 1.4832
W steel 0.7703 1.1700 1.3240 0.7459 1.1700 1.3291 0.7371 1.1700 1.2872
W steel -0.0000 1.1700 1.4850 0.7512 1.1700 1.3279 0.7425 1.1700 1.2861
W steel -0.0000 1.0400 1.4850 0.7512 1.0400 1.3279 0.7425 1.0400 1.2861
W steel 0.7703 1.0400 1.3240 0.7459 1.0400 1.3291 0.7371 1.0400 1.2872
W steel -0.0065 1.0400 1.5317 0.0177 1.0400 1.5253 0.0064 1.0400 1.4832
W steel 0.7650 1.0400 1.3251 0.0112 1.0400 1.5270 -0.0000 1.0400 1.4849
W steel -0.7669 1.1703 1.3246 -0.7431 1.1663 1.3309 -0.7632 1.0397 1.3256
W steel 0.0000 1.0400 1.5300 -0.7450 1.1666 1.3304 -0.7651 1.0400 1.3251
W steel 0.0019 1.0397 1.5305 -0.0219 1.0437 1.5242 -0.0019 1.1703 1.5295
W steel -0.7650 1.1700 1.3251 -0.0201 1.0434 1.5247 0.0000 1.1700 1.5300
W steel -0.7425 1.1701 1.2860 -0.0207 1.0436 1.4794 -0.0000 1.1699 1.4850
W steel 0.0016 1.0397 1.4854 -0.0222 1.0439 1.4790 -0.0016 1.1703 1.4846
W steel 0.0000 1.0399 1.4850 -0.7218 1.1664 1.2916 -0.7425 1.0401 1.2860
W steel -0.7441 1.1703 1.2856 -0.7203 1.1661 1.2920 -0.7409 1.0397 1.2864
W steel 0.0000 1.1700 1.5302 -0.7538 1.1700 1.3280 -0.7425 1.1700 1.2860
W steel -0.7715 1.1700 1.3234 -0.7473 1.1700 1.3298 -0.7361 1.1700 1.2878
W steel 0.0052 1.1700 1.5317 -0.0186 1.1700 1.5239 -0.0052 1.1700 1.4833
W steel -0.7425 1.1700 1.2860 -0.0134 1.1700 1.5258 0.0000 1.1700 1.4851
W steel -0.7425 1.0400 1.2860 -0.0134 1.0400 1.5258 0.0000 1.0400 1.4851
W steel 0.0052 1.0400 1.5317 -0.0186 1.0400 1.5239 -0.0052 1.0400 1.4833
W steel -0.7715 1.0400 1.3234 -0.7473 1.0400 1.3298 -0.7361 1.0400 1.2878
W steel 0.0000 1.0400 1.5302 -0.7538 1.0400 1.3280 -0.7425 1.0400 1.2860
W steel -1.3264 1.1703 0.7637 -1.3090 1.1663 0.7811 -1.3237 1.0397 0.7664
W steel -0.7650 1.0400 1.3251 -1.3103 1.1666 0.7797 -1.3250 1.0400 0.7650
W steel -0.7637 1.0397 1.3264 -0.7811 1.0437 1.3090 -0.7664 1.1703 1.3237
W steel -1.3251 1.1700 0.7650 -0.7798 1.0434 1.3104 -0.7651 1.1700 1.3251
W steel -1.2861 1.1700 0.7425 -0.7576 1.0436 1.2709 -0.7425 1.1700 1.2861
W steel -0.7414 1.0397 1.2872 -0.7588 1.0439 1.2698 -0.7437 1.1703 1.2849
W steel -0.7425 1.0400 1.2861 -1.2710 1.1664 0.7576 -1.2861 1.0400 0.7425
W steel -1.2873 1.1703 0.7413 -1.2698 1.1661 0.7588 -1.2849 1.0397 0.7437
W steel -0.7652 1.1700 1.3252 -1.3167 1.1700 0.7731 -1.2860 1.1700 0.7424
W steel -1.3298 1.1700 0.7603 -1.3121 1.1700 0.7780 -1.2814 1.1700 0.7473
W steel -0.7614 1.1700 1.3291 -0.7781 1.1700 1.3105 -0.7462 1.1700 1.2820
W steel -1.2860 1.1700 0.7424 -0.7745 1.1700 1.3147 -0.7426 1.1700 1.2862
W steel -1.2860 1.0400 0.7424 -0.7745 1.0400 1.3147 -0.7426 1.0400 1.2862
W steel -0.7614 1.0400 1.3291 -0.7781 1.0400 1.3105 -0.7462 1.0400 1.2820
W steel -1.3298 1.0400 0.7603 -1.3121 1.0400 0.7780 -1.2814 1.0400 0.7473
W steel -0.7652 1.0400 1.3252 -1.3167 1.0400 0.7731 -1.2860 1.0400 0.7424
W steel -1.5306 1.1703 -0.0019 -1.5242 1.1663 0.0220 -1.5295 1.0397 0.0019
W steel -1.3250 1.0400 0.7650 -1.5247 1.1666 0.0200 -1.5301 1.0400 -0.0001
W steel -1.3245 1.0397 0.7669 -1.3309 1.0437 0.7430 -1.3256 1.1703 0.7631
W steel -1.5301 1.1700 0.0001 -1.3304 1.0434 0.7450 -1.3250 1.1700 0.7651
W steel -1.4850 1.1699 -0.0001 -1.2917 1.0437 0.7219 -1.2861 1.1701 0.7425
W steel -1.2857 1.0397 0.7441 -1.2921 1.0439 0.7203 -1.2865 1.1703 0.7409
W steel -1.2861 1.0401 0.7426 -1.4795 1.1663 0.0206 -1.4850 1.0399 0.0000
W steel -1.4854 1.1703 -0.0016 -1.4791 1.1661 0.0222 -1.4846 1.0397 0.0016
W steel -1.3248 1.1700 0.7649 -1.5273 1.1700 0.0113 -1.4853 1.1700 0.0000
W steel -1.5318 1.1700 -0.0064 -1.5253 1.1700 0.0177 -1.4833 1.1700 0.0064
W steel -1.3239 1.1700 0.7703 -1.3290 1.1700 0.7458 -1.2872 1.1700 0.7371
W steel -1.4849 1.1700 -0.0001 -1.3280 1.1700 0.7512 -1.2862 1.1700 0.7425
W steel -1.4849 1.0400 -0.0001 -1.3280 1.0400 0.7512 -1.2862 1.0400 0.7425
W steel -1.3239 1.0400 0.7703 -1.3290 1.0400 0.7458 -1.2872 1.0400 0.7371
W steel -1.5318 1.0400 -0.0064 -1.5253 1.0400 0.0177 -1.4833 1.0400 0.0064
W steel -1.3248 1.0400 0.7649 -1.5273 1.0400 0.0113 -1.4853 1.0400 0.0000
W steel -1.3245 1.1703 -0.7669 -1.3309 1.1663 -0.7430 -1.3256 1.0397 -0.7631
W steel -1.5301 1.0400 -0.0001 -1.3304 1.1666 -0.7450 -1.3250 1.0400 -0.7651
W steel -1.5306 1.0397 0.0019 -1.5242 1.0437 -0.0220 -1.5295 1.1703 -0.0019
W steel -1.3250 1.1700 -0.7650 -1.5247 1.0434 -0.0200 -1.5301 1.1700 0.0001
W steel -1.2861 1.1699 -0.7426 -1.4795 1.0437 -0.0206 -1.4850 1.1701 0.0000
W steel -1.4854 1.0397 0.0016 -1.4791 1.0439 -0.0222 -1.4846 1.1703 -0.0016
W steel -1.4850 1.0401 0.0001 -1.2917 1.1663 -0.7219 -1.2861 1.0399 -0.7425
W steel -1.2857 1.1703 -0.7441 -1.2921 1.1661 -0.7203 -1.2865 1.0397 -0.7409
W steel -1.5300 1.1700 0.0000 -1.3282 1.1700 -0.7538 -1.2863 1.1700 -0.7426
W steel -1.3233 1.1700 -0.7715 -1.3298 1.1700 -0.7473 -1.2878 1.1700 -0.7361
W steel -1.5318 1.1700 0.0052 -1.5240 1.1700 -0.0186 -1.4833 1.1700 -0.0052
W steel -1.2860 1.1700 -0.7424 -1.5258 1.1700 -0.0134 -1.4851 1.1700 0.0000
W steel -1.2860 1.0400 -0.7424 -1.5258 1.0400 -0.0134 -1.4851 1.0400 0.0000
W steel -1.5318 1.0400 0.0052 -1.5240 1.0400 -0.0186 -1.4833 1.0400 -0.0052
W steel -1.3233 1.0400 -0.7715 -1.3298 1.0400 -0.7473 -1.2878 1.0400 -0.7361
W steel -1.5300 1.0400 0.0000 -1.3282 1.0400 -0.7538 -1.2863 1.0400 -0.7426
W steel -0.7637 3.4103 -1.3264 -0.7811 3.4063 -1.3090 -0.7664 3.2797 -1.3237
W steel -1.3251 3.2800 -0.7650 -0.7798 3.4066 -1.3104 -0.7651 3.2800 -1.3251
W steel -1.3264 3.2797 -0.7637 -1.3090 3.2837 -0.7811 -1.3237 3.4103 -0.7664
W steel -0.7650 3.4100 -1.3251 -1.3103 3.2834 -0.7797 -1.3250 3.4100 -0.7650
W steel -0.7425 3.4100 -1.2861 -1.2710 3.2836 -0.7576 -1.2861 3.4100 -0.7425
W steel -1.2873 3.2797 -0.7413 -1.2698 3.2839 -0.7588 -1.2849 3.4103 -0.7437
W steel -1.2861 3.2800 -0.7425 -0.7576 3.4064 -1.2709 -0.7425 3.2800 -1.2861
W steel -0.7414 3.4103 -1.2872 -0.7588 3.4061 -1.2698 -0.7437 3.2797 -1.2849
W steel -1.3250 3.4100 -0.7650 -0.7733 3.4100 -1.3168 -0.7425 3.4100 -1.2860
W steel -0.7603 3.4100 -1.3298 -0.7780 3.4100 -1.3121 -0.7473 3.4100 -1.2813
W steel -1.3291 3.4100 -0.7614 -1.3105 3.4100 -0.7781 -1.2820 3.4100 -0.7462
W steel -0.7426 3.4100 -1.2861 -1.3146 3.4100 -0.7744 -1.2861 3.4100 -0.7425
W steel -0.7426 3.2800 -1.2861 -1.3146 3.2800 -0.7744 -1.2861 3.2800 -0.7425
W steel -1.3291 3.2800 -0.7614 -1.3105 3.2800 -0.7781 -1.2820 3.2800 -0.7462
W steel -0.7603 3.2800 -1.3298 -0.7780 3.2800 -1.3121 -0.7473 3.2800 -1.2813
W steel -1.3250 3.2800 -0.7650 -0.7733 3.2800 -1.3168 -0.7425 3.2800 -1.2860
W steel 0.0019 3.4103 -1.5305 -0.0219 3.4063 -1.5242 -0.0019 3.2797 -1.5295
W steel -0.7650 3.2800 -1.3251 -0.0201 3.4066 -1.5247 0.0000 3.2800 -1.5300
W steel -0.7669 3.2797 -1.3246 -0.7431 3.2837 -1.3309 -0.7632 3.4103 -1.3256
W steel 0.0000 3.4100 -1.5300 -0.7450 3.2834 -1.3304 -0.7651 3.4100 -1.3251
W steel 0.0000 3.4101 -1.4850 -0.7218 3.2836 -1.2916 -0.7425 3.4099 -1.2861
W steel -0.7441 3.2797 -1.2856 -0.7203 3.2839 -1.2921 -0.7409 3.4103 -1.2865
W steel -0.7425 3.2799 -1.2860 -0.0207 3.4064 -1.4794 -0.0000 3.2801 -1.4850
W steel 0.0016 3.4103 -1.4854 -0.0222 3.4061 -1.4790 -0.0016 3.2797 -1.4846
W steel -0.7651 3.4100 -1.3251 -0.0113 3.4100 -1.5270 0.0000 3.4100 -1.4849
W steel 0.0065 3.4100 -1.5317 -0.0177 3.4100 -1.5253 -0.0064 3.4100 -1.4832
W steel -0.7704 3.4100 -1.3240 -0.7459 3.4100 -1.3291 -0.7372 3.4100 -1.2872
W steel 0.0000 3.4100 -1.4850 -0.7513 3.4100 -1.3279 -0.7425 3.4100 -1.2861
W steel 0.0000 3.2800 -1.4850 -0.7513 3.2800 -1.3279 -0.7425 3.2800 -1.2861
W steel -0.7704 3.2800 -1.3240 -0.7459 3.2800 -1.3291 -0.7372 3.2800 -1.2872
W steel 0.0065 3.2800 -1.5317 -0.0177 3.2800 -1.5253 -0.0064 3.2800 -1.4832
W steel -0.7651 3.2800 -1.3251 -0.0113 3.2800 -1.5270 0.0000 3.2800 -1.4849
W steel 0.7668 3.4103 -1.3246 0.7430 3.4063 -1.3309 0.7631 3.2797 -1.3256
W steel 0.0000 3.2800 -1.5300 0.7449 3.4066 -1.3304 0.7650 3.2800 -1.3251
W steel -0.0019 3.2797 -1.5305 0.0219 3.2837 -1.5242 0.0019 3.4103 -1.5295
W steel 0.7650 3.4100 -1.3251 0.0201 3.2834 -1.5247 -0.0000 3.4100 -1.5300
W steel 0.7425 3.4101 -1.2860 0.0207 3.2836 -1.4794 0.0000 3.4099 -1.4850
W steel -0.0016 3.2797 -1.4854 0.0222 3.2839 -1.4790 0.0016 3.4103 -1.4846
W steel 0.0000 3.2799 -1.4850 0.7218 3.4064 -1.2916 0.7425 3.2801 -1.2860
W steel 0.7441 3.4103 -1.2856 0.7203 3.4061 -1.2920 0.7409 3.2797 -1.2864
W steel 0.0000 3.4100 -1.5302 0.7537 3.4100 -1.3280 0.7425 3.4100 -1.2860
W steel 0.7715 3.4100 -1.3234 0.7473 3.4100 -1.3298 0.7361 3.4100 -1.2878
W steel -0.0052 3.4100 -1.5317 0.0186 3.4100 -1.5239 0.0052 3.4100 -1.4833
W steel 0.7425 3.4100 -1.2860 0.0134 3.4100 -1.5258 0.0000 3.4100 -1.4851
W steel 0.7425 3.2800 -1.2860 0.0134 3.2800 -1.5258 0.0000 3.2800 -1.4851
W steel -0.0052 3.2800 -1.5317 0.0186 3.2800 -1.5239 0.0052 3.2800 -1.4833
W steel 0.7715 3.2800 -1.3234 0.7473 3.2800 -1.3298 0.7361 3.2800 -1.2878
W steel 0.0000 3.2800 -1.5302 0.7537 3.2800 -1.3280 0.7425 3.2800 -1.2860
W steel 1.3264 3.4103 -0.7637 1.3090 3.4063 -0.7811 1.3237 3.2797 -0.7664
W steel 0.7650 3.2800 -1.3251 1.3104 3.4066 -0.7797 1.3250 3.2800 -0.7650
W steel 0.7636 3.2797 -1.3264 0.7810 3.2837 -1.3090 0.7664 3.4103 -1.3237
W steel 1.3250 3.4100 -0.7650 0.7797 3.2834 -1.3104 0.7650 3.4100 -1.3251
W steel 1.2860 3.4100 -0.7425 0.7576 3.2836 -1.2709 0.7425 3.4100 -1.2861
W steel 0.7414 3.2797 -1.2872 0.7588 3.2839 -1.2698 0.7437 3.4103 -1.2849
W steel 0.7425 3.2800 -1.2861 1.2709 3.4064 -0.7576 1.2860 3.2800 -0.7425
W steel 1.2872 3.4103 -0.7413 1.2698 3.4061 -0.7588 1.2849 3.2797 -0.7437
W steel 0.7650 3.4100 -1.3251 1.3168 3.4100 -0.7733 1.2860 3.4100 -0.7426
W steel 1.3298 3.4100 -0.7603 1.3121 3.4100 -0.7780 1.2813 3.4100 -0.7473
W steel 0.7614 3.4100 -1.3291 0.7780 3.4100 -1.3105 0.7462 3.4100 -1.2820
W steel 1.2861 3.4100 -0.7426 0.7743 3.4100 -1.3145 0.7425 3.4100 -1.2860
W steel 1.2861 3.2800 -0.7426 0.7743 3.2800 -1.3145 0.7425 3.2800 -1.2860
W steel 0.7614 3.2800 -1.3291 0.7780 3.2800 -1.3105 0.7462 3.2800 -1.2820
W steel 1.3298 3.2800 -0.7603 1.3121 3.2800 -0.7780 1.2813 3.2800 -0.7472
W steel 0.7650 3.2800 -1.3251 1.3168 3.2800 -0.7733 1.2860 3.2800 -0.7426
W steel 1.5305 3.4103 0.0019 1.5241 3.4063 -0.0220 1.5295 3.2797 -0.0019
W steel 1.3250 3.2800 -0.7650 1.5246 3.4066 -0.0200 1.5300 3.2800 0.0001
W steel 1.3245 3.2797 -0.7669 1.3309 3.2837 -0.7430 1.3256 3.4103 -0.7631
W steel 1.5300 3.4100 -0.0001 1.3304 3.2834 -0.7450 1.3250 3.4100 -0.7651
W steel 1.4850 3.4099 0.0001 1.2916 3.2837 -0.7219 1.2860 3.4101 -0.7425
W steel 1.2856 3.2797 -0.7441 1.2920 3.2839 -0.7203 1.2865 3.4103 -0.7409
W steel 1.2860 3.2801 -0.7426 1.4795 3.4063 -0.0206 1.4850 3.2799 0.0000
W steel 1.4854 3.4103 0.0016 1.4791 3.4061 -0.0222 1.4846 3.2797 -0.0016
W steel 1.3252 3.4100 -0.7650 1.5269 3.4100 -0.0112 1.4850 3.4100 0.0000
W steel 1.5317 3.4100 0.0065 1.5253 3.4100 -0.0177 1.4833 3.4100 -0.0065
W steel 1.3239 3.4100 -0.7704 1.3290 3.4100 -0.7459 1.2872 3.4100 -0.7372
W steel 1.4848 3.4100 0.0001 1.3282 3.4100 -0.7513 1.2863 3.4100 -0.7426
W steel 1.4848 3.2800 0.0001 1.3282 3.2800 -0.7513 1.2863 3.2800 -0.7426
W steel 1.3239 3.2800 -0.7704 1.3290 3.2800 -0.7459 1.2872 3.2800 -0.7372
W steel 1.5317 3.2800 0.0065 1.5253 3.2800 -0.0177 1.4833 3.2800 -0.0065
W steel 1.3252 3.2800 -0.7650 1.5269 3.2800 -0.0112 1.4850 3.2800 0.0000
W steel 1.3245 3.4103 0.7669 1.3309 3.4063 0.7430 1.3256 3.2797 0.7631
W steel 1.5300 3.2800 0.0001 1.3304 3.4066 0.7450 1.3250 3.2800 0.7651
W steel 1.5305 3.2797 -0.0019 1.5241 3.2837 0.0220 1.5295 3.4103 0.0019
W steel 1.3250 3.4100 0.7650 1.5246 3.2834 0.0200 1.5300 3.4100 -0.0001
W steel 1.2860 3.4099 0.7426 1.4795 3.2837 0.0206 1.4850 3.4101 0.0000
W steel 1.4854 3.2797 -0.0016 1.4791 3.2839 0.0222 1.4846 3.4103 0.0016
W steel 1.4850 3.2801 -0.0001 1.2916 3.4063 0.7219 1.2860 3.2799 0.7425
W steel 1.2856 3.4103 0.7441 1.2920 3.4061 0.7203 1.2865 3.2797 0.7409
W steel 1.5297 3.4100 -0.0001 1.3283 3.4100 0.7538 1.2863 3.4100 0.7426
W steel 1.3233 3.4100 0.7715 1.3297 3.4100 0.7473 1.2877 3.4100 0.7361
W steel 1.5317 3.4100 -0.0052 1.5239 3.4100 0.0186 1.4833 3.4100 0.0052
W steel 1.2858 3.4100 0.7424 1.5258 3.4100 0.0135 1.4853 3.4100 0.0001
W steel 1.2858 3.2800 0.7424 1.5258 3.2800 0.0135 1.4853 3.2800 0.0001
W steel 1.5317 3.2800 -0.0052 1.5239 3.2800 0.0186 1.4833 3.2800 0.0052
W steel 1.3233 3.2800 0.7715 1.3297 3.2800 0.7473 1.2877 3.2800 0.7361
W steel 1.5297 3.2800 -0.0001 1.3283 3.2800 0.7538 1.2863 3.2800 0.7426
W steel 0.7636 3.4103 1.3264 0.7810 3.4063 1.3090 0.7664 3.2797 1.3237
W steel 1.3250 3.2800 0.7650 0.7797 3.4066 1.3104 0.7650 3.2800 1.3251
W steel 1.3264 3.2797 0.7637 1.3090 3.2837 0.7811 1.3237 3.4103 0.7664
W steel 0.7650 3.4100 1.3251 1.3104 3.2834 0.7797 1.3250 3.4100 0.7650
W steel 0.7425 3.4100 1.2861 1.2709 3.2836 0.7576 1.2860 3.4100 0.7425
W steel 1.2872 3.2797 0.7413 1.2698 3.2839 0.7588 1.2849 3.4103 0.7437
W steel 1.2860 3.2800 0.7425 0.7576 3.4064 1.2709 0.7425 3.2800 1.2861
W steel 0.7414 3.4103 1.2872 0.7588 3.4061 1.2698 0.7437 3.2797 1.2849
W steel 1.3250 3.4100 0.7650 0.7732 3.4100 1.3168 0.7425 3.4100 1.2860
W steel 0.7603 3.4100 1.3298 0.7780 3.4100 1.3121 0.7472 3.4100 1.2813
W steel 1.3291 3.4100 0.7614 1.3105 3.4100 0.7781 1.2819 3.4100 0.7462
W steel 0.7424 3.4100 1.2860 1.3146 3.4100 0.7745 1.2861 3.4100 0.7426
W steel 0.7424 3.2800 1.2860 1.3146 3.2800 0.7745 1.2861 3.2800 0.7426
W steel 1.3291 3.2800 0.7614 1.3105 3.2800 0.7781 1.2819 3.2800 0.7462
W steel 0.7603 3.2800 1.3298 0.7779 3.2800 1.3121 0.7472 3.2800 1.2813
W steel 1.3252 3.2800 0.7651 0.7731 3.2800 1.3167 0.7423 3.2800 1.2859
W steel -0.0019 3.4103 1.5305 0.0219 3.4063 1.5242 0.0019 3.2797 1.5295
W steel 0.7650 3.2800 1.3251 0.0201 3.4066 1.5247 -0.0000 3.2800 1.5300
W steel 0.7668 3.2797 1.3246 0.7430 3.2837 1.3309 0.7631 3.4103 1.3256
W steel 0.0000 3.4100 1.5300 0.7449 3.2834 1.3304 0.7650 3.4100 1.3251
W steel 0.0000 3.4101 1.4850 0.7218 3.2836 1.2916 0.7425 3.4099 1.2860
W steel 0.7441 3.2797 1.2856 0.7203 3.2839 1.2920 0.7409 3.4103 1.2864
W steel 0.7425 3.2799 1.2860 0.0207 3.4064 1.4794 0.0000 3.2801 1.4850
W steel -0.0016 3.4103 1.4854 0.0222 3.4061 1.4790 0.0016 3.2797 1.4846
W steel 0.7650 3.4100 1.3251 0.0112 3.4100 1.5270 -0.0000 3.4100 1.4849
W steel -0.0065 3.4100 1.5317 0.0177 3.4100 1.5253 0.0064 3.4100 1.4832
W steel 0.7703 3.4100 1.3240 0.7459 3.4100 1.3291 0.7371 3.4100 1.2872
W steel -0.0000 3.4100 1.4850 0.7512 3.4100 1.3279 0.7425 3.4100 1.2861
W steel -0.0000 3.2800 1.4850 0.7512 3.2800 1.3279 0.7425 3.2800 1.2861
W steel 0.7703 3.2800 1.3240 0.7459 3.2800 1.3291 0.7371 3.2800 1.2872
W steel -0.0065 3.2800 1.5317 0.0177 3.2800 1.5253 0.0064 3.2800 1.4832
W steel 0.7650 3.2800 1.3251 0.0112 3.2800 1.5270 -0.0000 3.2800 1.4849
W steel -0.7669 3.4103 1.3246 -0.7431 3.4063 1.3309 -0.7632 3.2797 1.3256
W steel 0.0000 3.2800 1.5300 -0.7450 3.4066 1.3304 -0.7651 3.2800 1.3251
W steel 0.0019 3.2797 1.5305 -0.0219 3.2837 1.5242 -0.0019 3.4103 1.5295
W steel -0.7650 3.4100 1.3251 -0.0201 3.2834 1.5247 0.0000 3.4100 1.5300
W steel -0.7425 3.4101 1.2860 -0.0207 3.2836 1.4794 -0.0000 3.4099 1.4850
W steel 0.0016 3.2797 1.4854 -0.0222 3.2839 1.4790 -0.0016 3.4103 1.4846
W steel 0.0000 3.2799 1.4850 -0.7218 3.4064 1.2916 -0.7425 3.2801 1.2861
W steel -0.7441 3.4103 1.2856 -0.7203 3.4061 1.2921 -0.7409 3.2797 1.2865
W steel 0.0000 3.4100 1.5302 -0.7538 3.4100 1.3280 -0.7425 3.4100 1.2860
W steel -0.7715 3.4100 1.3234 -0.7473 3.4100 1.3298 -0.7361 3.4100 1.2878
W steel 0.0052 3.4100 1.5317 -0.0186 3.4100 1.5239 -0.0052 3.4100 1.4833
W steel -0.7425 3.4100 1.2860 -0.0134 3.4100 1.5258 0.0000 3.4100 1.4851
W steel -0.7425 3.2800 1.2860 -0.0134 3.2800 1.5258 0.0000 3.2800 1.4851
W steel 0.0052 3.2800 1.5317 -0.0186 3.2800 1.5239 -0.0052 3.2800 1.4833
W steel -0.7715 3.2800 1.3234 -0.7473 3.2800 1.3298 -0.7361 3.2800 1.2878
W steel 0.0000 3.2800 1.5302 -0.7538 3.2800 1.3280 -0.7425 3.2800 1.2860
W steel -1.3264 3.4103 0.7637 -1.3090 3.4063 0.7811 -1.3237 3.2797 0.7664
W steel -0.7650 3.2800 1.3251 -1.3103 3.4066 0.7797 -1.3250 3.2800 0.7650
W steel -0.7637 3.2797 1.3264 -0.7811 3.2837 1.3090 -0.7664 3.4103 1.3237
W steel -1.3251 3.4100 0.7650 -0.7798 3.2834 1.3104 -0.7651 3.4100 1.3251
W steel -1.2861 3.4100 0.7425 -0.7576 3.2836 1.2709 -0.7425 3.4100 1.2861
W steel -0.7414 3.2797 1.2872 -0.7588 3.2839 1.2698 -0.7437 3.4103 1.2849
W steel -0.7425 3.2800 1.2861 -1.2710 3.4064 0.7576 -1.2861 3.2800 0.7425
W steel -1.2873 3.4103 0.7413 -1.2698 3.4061 0.7588 -1.2849 3.2797 0.7437
W steel -0.7652 3.4100 1.3252 -1.3167 3.4100 0.7731 -1.2860 3.4100 0.7424
W steel -1.3298 3.4100 0.7603 -1.3121 3.4100 0.7780 -1.2814 3.4100 0.7473
W steel -0.7614 3.4100 1.3291 -0.7781 3.4100 1.3105 -0.7462 3.4100 1.2820
W steel -1.2860 3.4100 0.7424 -0.7745 3.4100 1.3147 -0.7426 3.4100 1.2862
W steel -1.2860 3.2800 0.7424 -0.7745 3.2800 1.3147 -0.7426 3.2800 1.2862
W steel -0.7614 3.2800 1.3291 -0.7781 3.2800 1.3105 -0.7462 3.2800 1.2820
W steel -1.3298 3.2800 0.7603 -1.3121 3.2800 0.7780 -1.2814 3.2800 0.7473
W steel -0.7652 3.2800 1.3252 -1.3167 3.2800 0.7731 -1.2860 3.2800 0.7424
W steel -1.5306 3.4103 -0.0019 -1.5242 3.4063 0.0220 -1.5295 3.2797 0.0019
W steel -1.3250 3.2800 0.7650 -1.5247 3.4066 0.0200 -1.5301 3.2800 -0.0001
W steel -1.3245 3.2797 0.7669 -1.3309 3.2837 0.7430 -1.3256 3.4103 0.7631
W steel -1.5301 3.4100 0.0001 -1.3304 3.2834 0.7450 -1.3250 3.4100 0.7651
W steel -1.4850 3.4099 -0.0001 -1.2917 3.2837 0.7219 -1.2861 3.4101 0.7425
W steel -1.2857 3.2797 0.7441 -1.2921 3.2839 0.7203 -1.2865 3.4103 0.7409
W steel -1.2861 3.2801 0.7426 -1.4795 3.4063 0.0206 -1.4850 3.2799 0.0000
W steel -1.4854 3.4103 -0.0016 -1.4791 3.4061 0.0222 -1.4846 3.2797 0.0016
W steel -1.3248 3.4100 0.7649 -1.5273 3.4100 0.0113 -1.4853 3.4100 0.0000
W steel -1.5318 3.4100 -0.0064 -1.5253 3.4100 0.0177 -1.4833 3.4100 0.0064
W steel -1.3239 3.4100 0.7703 -1.3290 3.4100 0.7458 -1.2872 3.4100 0.7371
W steel -1.4849 3.4100 -0.0001 -1.3280 3.4100 0.7512 -1.2862 3.4100 0.7425
W steel -1.4849 3.2800 -0.0001 -1.3280 3.2800 0.7512 -1.2862 3.2800 0.7425
W steel -1.3239 3.2800 0.7703 -1.3290 3.2800 0.7458 -1.2872 3.2800 0.7371
W steel -1.5318 3.2800 -0.0064 -1.5253 3.2800 0.0177 -1.4833 3.2800 0.0064
W steel -1.3248 3.2800 0.7649 -1.5273 3.2800 0.0113 -1.4853 3.2800 0.0000
W steel -1.3245 3.4103 -0.7669 -1.3309 3.4063 -0.7430 -1.3256 3.2797 -0.7631
W steel -1.5301 3.2800 -0.0001 -1.3304 3.4066 -0.7450 -1.3250 3.2800 -0.7651
W steel -1.5306 3.2797 0.0019 -1.5242 3.2837 -0.0220 -1.5295 3.4103 -0.0019
W steel -1.3250 3.4100 -0.7650 -1.5247 3.2834 -0.0200 -1.5301 3.4100 0.0001
W steel -1.2861 3.4099 -0.7426 -1.4795 3.2837 -0.0206 -1.4850 3.4101 0.0000
W steel -1.4854 3.2797 0.0016 -1.4791 3.2839 -0.0222 -1.4846 3.4103 -0.0016
W steel -1.4850 3.2801 0.0001 -1.2917 3.4063 -0.7219 -1.2861 3.2799 -0.7425
W steel -1.2857 3.4103 -0.7441 -1.2921 3.4061 -0.7203 -1.2865 3.2797 -0.7409
W steel -1.5300 3.4100 0.0000 -1.3282 3.4100 -0.7538 -1.2863 3.4100 -0.7426
W steel -1.3233 3.4100 -0.7715 -1.3298 3.4100 -0.7473 -1.2878 3.4100 -0.7361
W steel -1.5318 3.4100 0.0052 -1.5240 3.4100 -0.0186 -1.4833 3.4100 -0.0052
W steel -1.2860 3.4100 -0.7424 -1.5258 3.4100 -0.0134 -1.4851 3.4100 0.0000
W steel -1.2860 3.2800 -0.7424 -1.5258 3.2800 -0.0134 -1.4851 3.2800 0.0000
W steel -1.5318 3.2800 0.0052 -1.5240 3.2800 -0.0186 -1.4833 3.2800 -0.0052
W steel -1.3233 3.2800 -0.7715 -1.3298 3.2800 -0.7473 -1.2878 3.2800 -0.7361
W steel -1.5300 3.2800 0.0000 -1.3282 3.2800 -0.7538 -1.2863 3.2800 -0.7426
B steel 0.4991 4.5600 0.6289 0.2511 4.5600 0.1992 0.9288 4.5600 0.3809 0.6807 4.5600 -0.0488 0.4991 4.6000 0.6289 0.2511 4.6000 0.1992 0.9288 4.6000 0.3809 0.6807 4.6000 -0.0488
B steel -0.7123 4.5600 -0.0952 -0.8549 4.5600 -0.3423 -0.4652 4.5600 -0.2378 -0.6078 4.5600 -0.4849 -0.7123 4.6000 -0.0952 -0.8549 4.6000 -0.3423 -0.4652 4.6000 -0.2378 -0.6078 4.6000 -0.4849